1000
2 8 5 
50474880 199059084 
1 10 5 
223576268 
9 9 3 
22724163 51565206 445399227 399824300 135387378 331740513 60552478 581281155 31784994 
5 6 6 
387068199 377911166 201245160 66936038 15315664 
2 8 2 
25739945 512524964 
2 6 3 
430886204 16875890 
8 7 2 
549176160 182285292 167217874 598056960 233751558 167645160 94140904 178058778 
5 3 4 
353691558 128076665 132599043 131611152 759755985 
3 3 2 
255435322 805927914 22812864 
7 9 6 
599332864 33685190 16491391 52582880 417157279 55731780 153144200 
8 7 2 
186247200 67735304 179662050 124171145 55258551 52457694 846784119 190544094 
9 10 3 
329360640 70210053 551384480 323733000 260402405 69080040 137165625 121859760 144067440 
8 10 6 
410826832 44269335 131952352 181927624 737144497 796474448 421113888 109926500 
5 4 2 
198455782 320348007 444334608 2424825 590626200 
3 4 4 
211355716 232424138 271641189 
5 2 2 
1490580 155945010 4987217 79922612 31393152 
4 9 8 
215144127 12366954 211763783 94701474 
5 3 8 
538394580 4948456 892951704 177868044 614680815 
8 10 4 
103269264 243632123 205276365 56387220 676711968 248375325 374319687 237263895 
2 10 9 
753269620 947570310 
7 6 1 
18192720 518766500 263166192 230949205 6361788 293128192 325181520 
3 9 7 
214678782 130874310 579932060 
1 3 5 
210734199 
9 7 6 
81494424 112790835 221787113 521274362 244516886 356893616 7505330 238334372 129494956 
1 10 1 
74973613 
1 7 2 
187044676 
4 9 10 
866529996 99741832 402472440 100632708 
4 5 5 
76495609 245267730 542228054 374587980 
7 1 7 
428643150 277340568 78522831 176664600 82612475 456583085 559340840 
7 2 9 
605056824 897591888 21173830 37514725 625249176 454374426 153404244 
5 10 7 
676734084 212179378 406980542 381847400 707633226 
4 8 9 
28581300 16758471 11788502 397806912 
9 3 10 
421542450 26203086 663710825 301637496 220879085 100663842 578348529 116366560 181993125 
2 4 6 
60915240 112861000 
10 9 5 
903340732 129424281 157449951 70552099 308648029 646953900 214723544 65242200 281734376 575290919 
1 8 7 
379699692 
4 7 2 
17631796 62702144 179891898 441064830 
6 5 3 
116874744 14859376 7573269 363156506 147761582 54475391 
1 10 8 
32557952 
4 8 3 
194329233 969978268 3996928 177187968 
7 1 2 
52629824 434141736 120728640 593089992 204232875 319571616 114881656 
7 6 8 
223717086 71204585 69698232 41213118 38896313 29609510 561958311 
6 5 2 
848508112 97725672 820748712 29092389 9823232 563719996 
3 1 1 
332151326 809899299 18643161 
2 5 7 
19371456 1424412 
1 8 2 
308192445 
8 8 8 
37357356 13528020 168242110 246925482 21335926 187891322 703248042 452218545 
8 4 4 
303403818 85647676 163669692 282712560 198893520 194752726 79414928 63427506 
6 10 10 
48061354 439937036 16057038 190595434 338528820 85505973 
9 2 9 
224572900 24820092 141982946 116416630 379167880 688944092 87047545 72146522 532076370 
3 7 7 
182556195 148367296 678190452 
1 4 9 
3455985 
1 2 3 
144317172 
6 1 10 
227736664 192249369 134356662 415154750 486720120 739421344 
5 8 9 
276188400 252108538 198213792 101492181 149123920 
4 6 2 
296643420 53225147 572798751 7261455 
3 1 2 
270029952 170102848 48540875 
7 5 1 
323130048 218631816 13544256 345231716 295572348 318643288 376023956 
7 2 9 
592268113 16062720 332820360 146610412 50384763 117731277 320239335 
10 9 5 
64313704 368146626 411204804 357502845 215655440 360624420 95158650 159234173 165645430 436770900 
2 5 4 
228385911 288573310 
10 9 9 
597009510 378795000 8020906 819184920 375970480 26131060 29091879 2570016 86364945 384869208 
1 9 8 
965739156 
8 9 4 
242548406 247596279 86250521 528942400 280809331 15335280 696561344 73240212 
9 4 8 
145313908 62749792 853745627 576109152 92344680 207315720 86339700 17652745 483678269 
2 1 8 
28111716 538192749 
4 5 10 
66015108 70056016 277433175 828732608 
7 6 2 
851102208 187458288 76692215 11306526 485229440 810821466 229311334 
1 10 10 
421405750 
7 9 4 
55751502 109453407 804136180 68345843 53694420 21125295 641728 
5 9 5 
168450100 741239940 265991596 429882260 923397454 
10 10 3 
37259102 49484029 688281730 50251716 584998110 320735234 375045828 299869325 715721196 213138846 
6 6 4 
668522451 438301952 609968469 182981700 71504110 22145578 
4 4 8 
27775104 721403232 31916488 60362479 
5 4 9 
246993788 505267000 150058150 484867350 256834008 
1 9 9 
233573832 
1 7 9 
3271725 
2 10 9 
186121280 21816520 
10 8 3 
442243848 567883008 66382800 198336372 22632440 2876000 511130978 43096470 113937570 211350528 
3 9 3 
207534462 132825046 179958126 
9 10 1 
356578605 268189680 339314568 252261930 6771669 232577564 222385724 28226814 590150070 
8 9 2 
86049900 24209494 459011872 222198579 89748912 23277548 196657660 246620928 
6 9 7 
466688980 557702600 394741216 15720533 184016320 17085508 
2 3 5 
698644942 534971988 
3 6 9 
735845419 291758775 250158039 
7 3 7 
467981638 206686656 559757034 387199182 40881484 652656088 20161196 
6 4 10 
28603990 301617080 181244196 140569317 3058517 325091566 
3 5 7 
152370240 436407672 30812157 
2 9 3 
380718409 751365693 
2 2 10 
117993832 9590208 
8 7 3 
511358259 275089742 140205126 182345155 699958402 313936832 594380 2744958 
10 6 3 
279070770 207563285 496075728 451102599 178192992 539088912 278944552 652510632 98507112 66871553 
1 1 4 
103513410 
10 2 9 
712538610 16287192 228592944 108537246 262562560 448692864 297220652 2431690 135771531 218011815 
2 10 6 
140645989 479142900 
4 3 6 
3917088 249543936 36451285 241494332 
3 6 9 
297226650 525239648 12968670 
7 8 8 
78951456 265607726 617577152 596347150 253320130 29694250 68741120 
3 3 10 
110886139 159631392 51026160 
5 2 10 
101180992 222469500 191088340 144265250 294666996 
7 10 9 
37539840 22119286 169896100 32536416 276051360 630827294 440729656 
3 6 6 
60206900 73496610 128883900 
5 10 2 
148628853 452994652 68412735 114338640 438409140 
3 6 1 
73356635 589370040 320354870 
9 4 10 
456917448 360044537 305756393 72115287 197297800 124976540 42721011 820174234 116468391 
4 10 7 
930241704 6917187 57571256 311831946 
8 10 10 
320319516 608207910 420894859 103377312 117114620 961337490 110322700 80508840 
8 7 10 
219522474 335478016 129237680 53422993 38719836 773034192 67227963 7912805 
4 6 8 
200512875 148988592 325915601 736672148 
7 7 6 
239884424 299859273 614292 9292276 214791423 20887101 5438400 
9 3 6 
544099424 9406480 466724205 211537459 48673936 206476636 144813599 363205356 135187854 
5 5 2 
574164675 563995224 490686818 58049152 77197170 
7 2 7 
239914434 486961032 270854766 629742672 1875185 290652235 38989863 
4 4 6 
838790901 14079744 501253315 1817220 
6 4 3 
204055808 253244152 789721980 838892672 411595915 76521866 
9 3 6 
349163000 620753640 148880266 291375620 447669507 129047556 411890170 654916359 604113190 
4 7 2 
111287776 33295026 13517856 764891458 
9 7 3 
344187415 63118132 50326684 302822988 402562601 6421400 522287472 338672061 764235840 
2 5 7 
22363830 109363296 
3 10 2 
98398608 1874542 670321656 
6 1 4 
349388168 454746210 217074000 273690725 515385750 63221760 
7 5 10 
526796483 691665816 127864832 368595815 409896466 307811622 124335936 
3 10 4 
186583104 432190203 354177320 
5 5 1 
258779616 713622 100262015 582832562 136581075 
6 10 7 
8607879 90570600 379101870 659861097 42014040 8470722 
4 5 3 
266390085 9576090 337447215 486081655 
9 9 8 
609476005 35185856 43051080 7685792 203553320 51017568 343323884 725125480 80929044 
6 9 2 
831053456 230616736 91477187 168098490 191435928 81118308 
3 6 8 
5349090 693855680 214497720 
5 5 5 
170707518 731019600 765430397 36905275 370135864 
5 5 3 
458417250 449336256 419691216 106638162 224002130 
10 4 1 
83783170 261816816 161973526 231863864 34356525 384588720 3827040 381025848 65932176 109042650 
8 8 9 
895896870 71368141 239730294 273825657 84742695 43000991 402662020 462717426 
8 4 1 
520271570 626195791 147783664 74030735 860186474 172598173 90091119 439169932 
4 9 3 
27568524 472201960 625301432 2521750 
6 3 1 
173911584 315890868 303480651 243527033 398261871 50980753 
4 8 3 
308967268 803866779 193591839 538064970 
10 8 6 
43673435 65852220 556033995 558643168 117529996 545649201 47739918 677972025 484493724 295454997 
4 5 4 
676820613 141997324 100309680 331824476 
3 2 2 
227810630 333377363 85008774 
4 3 6 
150648390 8292921 54332155 4215828 
4 6 2 
239392692 3069336 197588772 351455985 
3 3 3 
416444584 458397264 106343370 
7 5 1 
90221347 115212530 10997954 461050110 436836726 183833193 54237600 
8 1 4 
334873200 269911040 747502316 103648626 375331320 118942368 85675716 396766744 
5 1 1 
299606440 155062492 36257778 106456812 537482496 
6 4 2 
652334940 273708375 414200121 82425952 65142720 76091904 
1 7 8 
94154560 
6 1 1 
291354189 103892642 70427808 461932175 56407960 314235990 
5 6 5 
614686032 878586904 2523360 510195424 280659166 
10 6 7 
139771424 39648460 592991308 224803119 539164488 544659897 243742643 54330482 50089032 267323287 
5 9 3 
335436086 37952260 128664684 328733528 142006816 
2 7 9 
267190902 135974020 
4 2 5 
179401408 66872268 79603695 283652736 
9 5 10 
289076192 297451596 54444928 34342728 421736296 87553564 101685400 446237080 239271045 
3 1 8 
260809948 69100422 218361176 
1 7 1 
3439062 
8 1 6 
494220729 314549181 263788380 282881950 194518485 417663376 302057270 702495520 
7 8 4 
349596852 281023344 81544 11298188 467370012 425353248 166864080 
9 5 10 
212022117 218816721 282198444 175797138 390194766 121071492 64143924 463170042 559322256 
3 7 6 
156352859 58870026 503002521 
8 8 5 
272739405 15298184 193560299 144060432 278129440 82515424 15195088 105808885 
6 8 10 
19461215 87444912 403239048 732420380 459490304 321781120 
9 4 1 
147375098 105327430 576720308 631037232 377957208 59878526 520713492 232062500 490325462 
3 3 4 
271743876 273634650 74349888 
7 8 2 
663264420 536708569 247669799 293435466 7288144 451825888 68060567 
6 6 5 
342572450 526349671 722351292 585468240 707153438 506432640 
1 3 7 
652125712 
1 7 2 
399013125 
2 2 8 
33872580 798706880 
4 1 1 
150478160 478212672 538396047 97608410 
5 9 4 
284212488 306353635 480587016 33159560 121936682 
1 2 3 
88100256 
10 1 4 
186734448 542813964 33466455 17981736 677729378 292997382 173858586 741249723 235291570 27200036 
9 9 6 
61265412 676658400 13259781 24638136 546607950 836864000 105518741 328425048 997801663 
8 8 1 
464899072 319269080 545029475 14175008 2336388 46412340 240048585 11788790 
9 10 4 
9804000 218503200 321241318 252976779 735525230 21450024 77634885 289497756 229031334 
1 8 5 
149488470 
8 9 4 
33969440 547390039 411770520 28860594 569231712 54208643 571196544 127669150 
8 2 1 
335877825 70134366 545935648 941821130 674697321 245832601 95359320 3290265 
1 9 4 
161366142 
5 6 1 
17357904 223481648 576550800 201740385 38423444 
2 5 6 
262151781 128523096 
7 3 1 
81835910 39245202 47975676 113905700 102554168 535854700 86825616 
4 6 7 
102528712 481738164 42085722 102654617 
7 7 8 
9485195 306488970 397240760 421944062 500425370 19829556 362064130 
7 8 8 
207097980 432960880 2115849 62374140 473979282 13249817 219548234 
2 10 2 
530540168 133747624 
7 3 8 
834378255 575104464 439434741 143726576 738779577 198245619 218953852 
3 8 7 
193765950 592904760 14646124 
6 2 4 
198970761 37937200 264334428 407165960 289411428 177617755 
10 10 6 
390379242 160577320 560742300 16809804 22445574 266372250 63006411 375691177 14133430 100627164 
10 3 7 
137845054 331350417 382404800 250153800 173647604 828259300 79328692 108878931 73471410 285923120 
6 4 3 
76676970 8828052 237808323 60151455 234972087 793464027 
5 5 5 
159978043 698881904 195821164 334971714 225840000 
3 8 10 
390592744 88767243 16988440 
3 4 8 
217164243 112306119 293281161 
4 2 6 
104831925 190237935 2959926 154709192 
8 9 6 
153210915 416143480 177356650 329757311 816326784 223909452 506393700 98608760 
9 4 3 
168935290 169613340 9279720 18017964 48808992 168748437 345908376 547031410 63524600 
5 2 2 
75981880 252896000 567875100 352524302 198406008 
6 10 6 
205951944 285427576 289660896 298864870 651645764 146380914 
2 1 7 
6071092 236154160 
5 6 4 
341919962 332587500 51594125 182963352 181526282 
1 9 10 
52198944 
2 4 5 
135368208 523149372 
8 5 7 
15047361 124578825 647543268 122499398 293101600 30455775 173748800 308142336 
4 7 6 
55347215 345102225 680685588 977524736 
3 9 2 
218687950 104300790 472488996 
1 4 2 
543328905 
6 6 3 
86690506 12991030 368918328 451002240 265850052 12695221 
3 2 8 
182714805 259371125 25114712 
5 9 3 
3113553 173145060 831744992 133467264 410463540 
4 7 4 
75728288 52463180 786375177 457822393 
1 4 6 
518363 
3 9 1 
639255969 30284152 21594510 
8 3 3 
111465360 92353976 456801319 78410400 667662086 77289524 175295946 465780050 
6 10 2 
291708885 173751273 352346520 488342404 79199427 452974392 
1 9 6 
31664616 
1 8 10 
7820670 
1 6 4 
379183376 
5 2 1 
313503103 160273554 127958112 262855680 427771876 
5 9 6 
94744026 36380916 528480497 83836350 199321420 
10 3 6 
214208085 424980705 36095634 25282767 35485780 92017380 6585205 321720894 31606200 433158025 
5 2 4 
96507870 652409868 80861040 12296780 261707628 
10 6 9 
451696404 213545800 178068235 447715178 181184241 285208648 677346852 69678024 337442120 59297791 
3 8 10 
105966420 217010266 397254608 
7 2 8 
216159616 316681508 104840512 33381975 57263690 244799394 19415550 
8 2 10 
248110672 50363455 10096437 159364800 373023980 257329464 476745588 857722880 
1 4 5 
291099424 
2 8 6 
177649807 238862520 
4 4 3 
3711211 129777898 535175134 27252900 
5 2 3 
254454912 213359670 103235483 310973336 61128800 
10 1 9 
190023792 154133010 696646425 14697200 834364160 23809116 127744056 482744790 494059488 15182685 
8 5 6 
193349520 173979702 716650645 1715278 768222180 16918740 537430684 272860368 
7 9 1 
771907860 177681161 146556750 115857775 598109994 135247021 807643650 
8 8 5 
359495972 965866216 663510715 300348300 537602912 766551200 56548960 609058959 
4 2 4 
85670207 489100 224769600 192318720 
7 4 1 
57200585 122686459 457406320 146139084 595683330 9520275 80315109 
2 10 1 
55196444 328394075 
5 3 10 
675341183 49564872 295512932 181750216 79172270 
4 2 5 
332064828 592197237 630722600 84322945 
9 3 1 
26622508 44328064 486752240 726393842 796328704 171999392 721469865 291602275 202919874 
6 6 10 
210896214 710858904 74806732 35769264 111860608 497275296 
4 3 9 
797627220 334414773 181002927 140787404 
8 5 9 
379641280 164285232 220272264 9727248 42972096 112657482 173521221 4296731 
2 5 4 
184127024 157129353 
6 6 3 
442903560 269440 9569196 54477192 470842905 33548960 
7 9 10 
426983322 22298920 683150728 303798976 280663647 226052499 74228400 
3 10 6 
328231470 8053614 453616491 
10 5 6 
188405343 73356435 525898818 42984198 178678874 109378364 304869048 47456412 435843032 231032420 
1 6 9 
235639214 
9 1 2 
140485794 608929688 118275482 366362123 119763805 94049760 380708358 90204348 109483940 
4 3 3 
180757500 633163065 4347200 23815390 
3 8 1 
388485844 466527080 92334405 
4 2 4 
61360472 161220521 41468985 60552413 
4 8 1 
385630600 868890456 254425724 522299864 
10 6 6 
104136352 232573887 70624932 597777970 582602460 119026044 34292610 29132240 231128293 49938112 
9 4 8 
623095673 730764276 737734890 612671483 176419880 447875016 686799945 155542431 137554785 
9 4 8 
4407153 114218070 228432704 369669256 278688036 223254270 10182099 76400802 44538928 
10 4 10 
646766004 197314488 107960448 438631137 165902033 927222506 318635935 17808012 385165745 183067020 
2 9 3 
172395632 1880801 
9 1 2 
347117933 214056018 501702168 174537297 357561358 102546972 347300814 368878453 73858586 
9 5 9 
170827632 291595359 302168973 29653578 361107747 8088192 85723218 180207738 453129264 
7 1 10 
121729820 256302144 701872485 783173776 347370138 65603898 311824763 
4 1 1 
111265 484510408 663361650 872170740 
9 8 7 
115763203 59840910 939697108 136724895 145008000 115744616 260633380 456080416 125597484 
4 6 7 
295108855 177422709 262439166 26594100 
6 9 4 
188054020 209457093 87932698 203807100 350010243 512463468 
10 5 9 
262597374 242293390 168383320 200845062 56515360 730414965 334197608 381274320 268851770 209288320 
4 10 8 
338087650 344269728 82991830 131331230 
7 5 6 
17934373 77942480 757916070 111166474 18877111 50892300 30847770 
9 7 2 
18270924 27102232 122864896 837231930 642730594 11239424 321384600 131059639 30299670 
6 6 2 
582433680 344358690 733897521 234232852 71865350 368045705 
10 7 5 
729961728 169918112 334182800 703416539 112880628 116635890 546893046 36981698 171936144 101830765 
6 5 3 
334763847 583076610 136515295 527174896 493598980 18073098 
6 4 3 
20985735 101924695 80842930 77893263 415534808 584314696 
7 9 3 
870046 336229738 408404808 37012500 255401510 259068096 340289778 
7 7 4 
868117802 37506744 397102626 287475200 851375 125665140 28996240 
10 5 6 
236951988 174610197 252344757 20392270 352244693 8695128 274282420 348858596 4393314 812092515 
7 3 6 
671188640 15275034 229349344 408091563 221134932 401438802 168105870 
4 6 7 
18382752 3470526 617607307 131091637 
7 2 5 
248248945 382435256 100948180 169592833 249936687 39046755 278316690 
5 7 3 
46707522 104752704 354042092 297130437 327649140 
7 9 3 
569450736 527419900 199926480 297564966 715940040 132052956 321194504 
6 6 2 
39328553 203272884 40609660 274582623 975174816 46741126 
1 2 6 
648209745 
2 8 7 
166779900 540501936 
1 1 3 
183978216 
5 4 4 
48101856 102840552 576271287 136517283 248939775 
7 3 9 
54757768 131411880 19533153 123483420 273237940 40283874 336594324 
3 4 5 
305419056 46553955 555721920 
4 5 4 
239010414 153140034 318243024 138870124 
7 9 5 
32340465 25167240 262073402 201697475 88003840 627562055 671558472 
8 4 10 
60911199 39430303 410455618 491543010 235224444 172907280 380848768 300394465 
9 1 1 
290771680 280369998 28537266 172490582 222144253 443646476 368301092 512140717 18264375 
9 9 1 
82615070 805551240 224385414 70360011 98784288 88911468 215392125 805347978 401086176 
6 2 5 
142534924 138364992 50331674 148023204 441061402 5427448 
4 7 4 
437807932 14594112 93119988 326190624 
10 3 2 
210933736 120608204 26093960 411134331 431584074 93887100 450546948 163968951 293681100 419401542 
10 9 3 
66286870 437050858 341455367 256970016 509522358 701620530 205290288 821681718 810356944 135826632 
4 5 1 
384073985 23001840 243303320 442999942 
3 4 2 
235056334 358985952 471305520 
10 9 10 
178062944 377493109 247261953 17120080 499805610 113059231 537280512 29446670 845390268 22503272 
9 10 2 
32298024 22441374 67345055 96929581 1157061 114159060 424673216 501928416 404962832 
4 6 2 
88416642 725685740 426567705 760556124 
5 3 6 
14042558 104906167 237787886 482431860 301961776 
4 9 10 
37636368 75156830 463682518 189818330 
3 9 8 
279799434 16912350 36571593 
1 2 5 
31499750 
9 2 10 
188727517 589050672 764554872 685883184 74070360 468663732 299009876 453850260 85955264 
4 6 10 
613546984 236979549 555301483 428152560 
8 10 9 
453727230 8109942 90628670 124343340 357003570 79086048 336537348 133142768 
1 2 5 
504658686 
8 6 6 
208033925 222743976 308902872 402515724 151897398 373325622 65019492 390919512 
6 1 10 
89367075 769008744 281909551 505869084 443485980 292939854 
3 9 3 
705843110 144035464 18903170 
5 6 1 
236946 27619228 369464850 130536295 80004 
5 5 1 
110483385 58941619 69922156 27762735 730150674 
6 2 2 
8459836 307342701 220417062 63938875 277772770 20538366 
6 10 1 
444740400 14134296 44829281 407449251 172553808 549821005 
9 4 9 
151804620 19292088 775427616 79150995 233839800 280162388 38524080 145733840 406804628 
8 3 7 
268487862 167907628 418926210 668651400 939824106 353110644 10804464 815256892 
10 4 9 
431268849 55326 193108480 230848420 17054340 252749703 10328328 226989765 88695460 36836762 
2 1 4 
2264208 100430400 
4 9 5 
230332842 32392568 193819728 6378282 
9 1 2 
96762556 419814794 534187782 222101958 241178080 71493372 54469665 607475220 233051598 
6 5 2 
570240 76503310 757768545 121090816 431236184 591021354 
4 8 4 
827610987 8163736 223427100 274958500 
6 9 6 
239329315 78725780 99970659 68560965 300185428 9289720 
7 10 1 
690134190 281976344 248260160 411245744 58553262 372702152 38554444 
9 10 4 
251671700 431863036 983689080 14972816 47209734 166179000 150881388 1319200 20050616 
7 1 7 
155054572 223607037 407229849 480638634 93322465 532096530 384302412 
10 8 9 
100393872 183130826 157978382 19243783 262655496 67067769 3410022 789851148 275165865 174187140 
10 5 2 
438460812 134839848 157868152 277203676 849196024 203760090 539352 67791980 555871623 90155468 
6 7 7 
47602500 213016224 5138683 61376076 49796114 6825384 
7 7 7 
158630808 124137948 212068592 637087050 161283420 43498670 586718515 
8 2 5 
141127987 23897923 435127070 309713550 421675752 396346248 486643088 136704550 
1 7 2 
494766727 
3 2 5 
99129042 666472047 57963570 
10 6 3 
581541060 527264919 73142300 464496032 41230672 235103654 17332206 68584050 639255330 64833680 
4 5 2 
398088600 50124984 252433648 231897125 
6 3 4 
3170956 230231826 181188 54205564 70881213 138945780 
2 7 9 
139865556 939743247 
9 3 8 
193309800 513982590 195218481 164136760 341106833 400734372 460031805 30157095 379655666 
8 2 3 
336504255 454069512 197092713 143375778 976577447 351052405 323624790 197359340 
7 1 5 
587569620 427454120 122703282 809462403 3515778 707764173 89302500 
10 5 7 
305931048 500017072 250368310 587748368 35500500 373649598 160714323 13103478 338550534 147232435 
1 4 7 
309948048 
3 5 6 
64994004 396790080 16733450 
9 9 2 
892093732 272806820 20320512 269224385 7562496 103915322 149841315 500142412 370378140 
3 2 5 
590859500 49107200 542433978 
10 9 3 
36097957 320908416 34726360 100382688 68997690 286959906 172143610 507589020 888966756 545637970 
5 6 3 
408047915 185573582 199571692 122914316 95520719 
10 10 9 
49281616 316111695 53637750 58642166 624360061 268138806 222715780 122323104 117147996 822311854 
4 9 7 
32290038 296153794 398140737 148433766 
10 9 7 
557168535 523248600 9242350 185299893 167009445 137053011 55657152 389623256 220723200 58432066 
7 3 4 
111570060 252269541 721758232 25108833 145994562 40936951 115795052 
9 3 7 
44113695 673312880 428711365 338532900 755081580 687979236 326671432 32564373 50035108 
3 8 6 
4370736 398728302 240642000 
8 9 3 
245329040 62657900 933066072 265313442 659041922 744856140 145600000 8376324 
8 9 1 
102003264 52374945 836818983 573097112 61748896 817854480 717786549 60173750 
3 1 9 
324762830 150305120 26554336 
10 3 9 
418775157 126571920 80796646 290970666 586721058 194383797 374344960 744940 123527784 422103770 
3 1 6 
332552248 424254456 60171760 
6 3 8 
825845697 710249592 48770316 435137747 222104541 69270516 
7 8 9 
587306475 93191800 91623677 447135944 9521164 109028523 135855720 
8 9 2 
256426830 86883420 295594386 277635936 1097822 452148774 80122630 588643885 
7 1 10 
334564293 377782582 37661190 320958330 247109042 657593150 38459872 
6 9 10 
22881296 170158638 500602808 39521995 269199359 300913284 
1 1 1 
1569680 
8 3 6 
70956135 243078352 143830743 144927720 342425127 491194115 464523111 75177424 
6 3 2 
147461706 24625000 17750723 21855808 105810120 146827126 
5 9 7 
372622505 240751673 67617490 207333500 570761467 
5 7 9 
75087810 227789205 516229116 203087361 283160107 
10 9 4 
942657705 35240868 750313800 341999116 14954400 171051824 79536875 5164960 822955551 88933383 
6 6 2 
286769375 71777740 210204666 540330114 916808320 185215067 
6 6 9 
248073222 55090075 664930780 401661050 139697480 590562960 
5 1 6 
458922568 21768427 43035193 53938841 215118888 
5 8 3 
76070310 291973504 612101934 12033840 464865780 
2 5 10 
491952105 536857005 
10 1 4 
401257248 266524710 314753376 347209170 2436852 142765295 248358045 39641490 20456093 75772620 
1 4 6 
416708472 
1 8 7 
534174816 
8 9 4 
181797795 1163375 293572100 583742772 26026360 30706335 46784934 81944568 
7 5 5 
388662903 28611520 262746448 232533969 152793170 250115047 15405256 
2 10 6 
684800865 312042185 
6 8 5 
222928662 14813684 30849938 180798870 718659920 22628620 
8 4 5 
310594560 585566112 672055722 95951375 78251404 354269400 902469520 126475206 
1 9 9 
129681288 
2 6 3 
126340578 10056690 
4 3 5 
2455806 120802382 278409591 331018940 
7 7 7 
243876528 589529526 148623909 171383128 549317420 77762502 26442200 
3 10 1 
719749800 273472080 67776170 
5 10 4 
142115032 9522490 192032520 75050352 524555200 
2 2 10 
498938782 219418260 
10 6 6 
628404952 17865396 679940880 116145760 413592601 39697080 80579300 378267750 616585254 563384950 
6 7 1 
148861080 462232624 527499055 276996398 164911790 67714668 
6 10 5 
549182988 324226012 774074676 221555019 607735008 244309358 
7 4 5 
100639557 267964280 408674622 257476373 108090544 135062127 13353219 
10 1 6 
290464130 101238838 362054370 459779802 151931702 880602686 279090630 70980736 409541663 384509178 
4 10 2 
58129170 63645304 417867249 590655106 
3 9 9 
77946360 623414043 677496325 
2 9 7 
467443028 451185128 
1 3 5 
789753328 
10 1 3 
369667890 442361439 4011556 107006442 50888240 760915415 632434425 35911278 92666850 87709700 
3 2 6 
18360594 246916983 209273328 
5 5 5 
95031288 423323997 304256745 17393211 144105570 
3 6 1 
373606464 473639444 102987904 
5 3 2 
164533527 246562376 30689894 27228960 249714036 
3 8 8 
702411402 980326065 534205438 
10 6 6 
513271616 138070324 537555330 104362050 63565531 690258310 3350375 676939872 87833900 696549399 
5 1 4 
232546469 684602869 53750652 18509733 504724990 
5 2 3 
214842411 7151508 19705088 33351138 344954804 
3 10 9 
529481266 148404132 267658248 
3 3 8 
190129488 252010142 540272192 
9 6 9 
80268624 15044700 984648324 477388560 477267822 276131400 2157750 202873930 180708560 
4 10 5 
898029960 521827710 268553950 103060848 
5 7 10 
12796728 373524690 447748756 99086680 191795524 
9 6 7 
118495036 24638355 249343724 352878192 252529209 148583092 46329609 23091840 120227235 
7 1 8 
737907270 162563149 446284171 120256535 666211017 670122240 77420574 
3 8 3 
196793337 118597440 109709040 
7 5 8 
414058112 41160720 5568534 375998960 476472766 38101785 43591680 
2 4 3 
455882580 173923578 
2 7 4 
265598355 679435196 
9 4 3 
88066748 186309497 41136750 160927568 298659342 105370176 193035833 7122210 59501118 
9 7 1 
314946861 757227687 21215220 73833630 25200375 630265044 237686994 197083362 142217187 
2 3 7 
805632098 785153988 
1 6 5 
128625226 
7 8 10 
439325760 127199066 70134120 55591758 413620228 541648954 148694306 
4 5 8 
192495555 3383289 576638496 551345275 
9 9 2 
231822500 146581938 189677592 290175696 120961140 89751450 112332631 429489971 536885928 
7 4 9 
788582655 527074364 277916238 20551596 135169965 577835544 19820192 
8 7 2 
236465858 9359768 169823354 187290884 548619680 224270358 40302112 138687784 
8 3 4 
487469712 10456677 172318832 249215328 110205868 48193065 124899696 913868775 
8 9 6 
204235377 617370201 16694830 238863294 967947024 297434620 22440916 86843625 
9 6 9 
115253184 132593344 128348344 31989888 209010864 489641256 977290272 35720 462484823 
8 4 4 
90150492 238404774 35576055 645332482 7715306 425930040 692335392 107283933 
2 1 9 
78911508 86426040 
2 1 10 
366853185 306105824 
3 5 10 
18311500 111924688 167604657 
2 6 8 
678692844 16924062 
4 4 5 
88832394 71098639 461706384 293360700 
3 3 1 
543394224 140280 135645792 
2 3 8 
707436934 71794485 
8 1 3 
450888738 61523650 254308600 137486731 361540044 35466046 66920886 327420765 
5 2 1 
987484376 114415296 176992164 914548322 582630373 
4 8 4 
20622169 38445816 930045312 72117540 
10 6 10 
204307896 54640278 324778066 405895450 84875862 57113805 222701752 394954916 35984298 599506515 
8 3 1 
162260357 103604400 571745556 141602000 86292808 288044614 19702218 442784775 
3 9 7 
711950 34423860 33246807 
8 1 9 
271279740 498194548 444581532 501149696 640651800 367001661 746772256 286339900 
2 9 4 
32981824 312088590 
1 4 7 
88214680 
3 1 3 
280824621 7987635 265149052 
9 5 2 
55426800 352144680 170884408 4718112 579236420 285364416 640687103 717160512 319933908 
9 4 8 
108495347 89662788 553095654 24146698 13599198 14624190 18810846 294600067 414139174 
6 9 2 
52447945 132445089 145799849 155606934 159065028 22666644 
8 1 5 
34902864 528561638 218459528 43902018 894203571 289826772 468307470 176142015 
9 9 2 
153598536 30050709 94971781 259278576 58114578 25781850 419747142 48444341 474848343 
4 7 8 
240204972 706149120 388197705 553913600 
9 10 6 
114238550 29107182 297034924 4964700 7846125 37204128 15267140 77383730 290669148 
6 6 7 
634193137 72317610 189383634 325736472 170859370 384364294 
7 4 1 
235407150 692882780 142730190 781095999 14705388 222947502 34207854 
1 9 9 
218019714 
3 4 1 
222684475 64635200 139801750 
7 6 1 
166100641 324937536 217715260 230632557 380362190 24695244 326792420 
10 8 3 
5069790 1137340 181207692 90212535 16252324 288922626 436972178 157708496 308058016 667123431 
3 9 3 
466696224 71487156 717374268 
10 5 5 
60268216 29011037 210485439 224440700 290583033 147764500 901778380 238143633 40739394 208796878 
9 3 8 
17773216 284587037 8368209 191945374 243243 97254304 389517144 316792425 6727580 
3 6 9 
45383778 52786844 50821794 
5 8 4 
221508812 173841680 421545232 532043512 403907828 
10 6 2 
254677719 22416266 309497760 828491778 350684580 331841118 454625876 26491592 363239820 240918120 
10 1 3 
535925082 320850226 385861356 332593126 124611630 300643990 4466292 26705163 196438920 11789634 
9 4 2 
154533750 213372084 223718060 237694855 2905430 200322681 389939714 130834910 457211174 
5 4 2 
366616320 110636658 112653562 321624054 73589515 
1 5 1 
32635491 
8 10 1 
115736115 610824984 515799380 196508065 185176260 142348920 96689214 330682850 
9 2 5 
94405825 85057769 194807781 18202140 35017050 352161143 626349345 212032160 448868437 
1 8 10 
710130324 
6 4 9 
108611152 135435344 589952392 33169070 61885335 966071898 
3 4 3 
71094480 457773008 417109248 
2 1 5 
451049736 769827156 
1 8 6 
723115928 
10 1 6 
54731963 25299680 688405990 619118964 295840629 157256208 205047900 184802625 223703050 86275955 
2 3 1 
112766918 305689680 
10 9 10 
785509652 104857390 94235380 161550521 28084308 349719750 299472460 916190964 332138708 3024816 
2 8 4 
40144235 188068517 
4 1 8 
236602788 253804750 54019008 286699072 
7 7 1 
22524150 200209095 19603965 362184778 2729925 491184060 726315780 
3 9 10 
342486501 602645563 742385272 
9 10 10 
176704074 10703280 192236439 641417404 205603006 262399500 136073420 212032381 141900330 
10 5 3 
325147686 396168285 165650863 129921030 136629384 28732800 410473245 661515344 110554752 665316480 
1 9 8 
49362000 
9 8 4 
301789008 332395126 4507839 53672736 1202488 720267330 624906912 133582680 552160551 
1 8 7 
54742757 
5 3 2 
367296250 4181463 612194944 18908802 362038293 
10 2 7 
181221660 452220890 314755824 802735208 735972976 5376672 379514666 223648678 28852757 137181408 
1 4 4 
209560000 
7 3 3 
94850888 683630488 339996411 545844323 167768645 120371220 93527200 
2 5 4 
17241276 161848568 
3 7 1 
850832556 22679583 397273227 
6 5 10 
85641546 42867318 312249234 29014500 54209792 208909560 
7 1 9 
175256781 106516784 160140900 81607200 215902341 506619349 7901510 
3 8 5 
322984747 159555537 20908188 
1 8 7 
97894520 
1 2 3 
762975290 
10 4 9 
125194212 50660808 248779584 96514176 402075030 4194057 921909856 230775102 135028660 241362535 
6 2 6 
123352713 35475667 154152092 88751760 100660580 256099498 
7 7 9 
200418191 11266700 101737945 608065341 16888344 935057640 717211225 
9 10 9 
526138184 92315452 425998305 575344250 296283802 67781000 1925784 539776510 27337981 
8 1 8 
255562560 31479756 531381368 544227177 208979019 630820064 261110150 129456000 
10 2 6 
514127304 274834685 370029555 30415476 294797246 22285728 470783608 42153750 199253694 364824120 
9 7 4 
591007616 57529211 80983966 106301580 5846878 554943090 11878572 556153470 102161287 
10 5 6 
93610720 181328278 909435 520139081 599876660 59831308 671836964 336227598 282836412 7143530 
4 9 3 
5166090 22314880 379156172 72861600 
4 10 5 
359654064 99838206 451121918 656960794 
9 6 2 
16011883 137155840 396038808 938274792 251649588 282767268 819351760 326293680 104487808 
4 3 9 
608285152 196013016 63155736 129954776 
2 7 5 
303923620 138414172 
7 8 8 
7626744 50703912 338703026 55286112 93174286 84689590 188155765 
10 7 5 
12082527 5357148 81661920 38335024 47315114 250569940 14834960 232607090 71808000 111489378 
2 10 3 
227606327 776313449 
7 4 2 
3106722 39993005 25614872 182032173 24603606 76008510 491407384 
6 10 8 
364933188 104760 11775825 82991481 62788455 27765720 
1 3 7 
386454640 
2 8 7 
10315722 261051076 
3 6 4 
403909044 54772200 7205180 
5 1 8 
127410647 159137136 141552086 968370717 165829930 
6 6 4 
54621951 304059603 587925790 215912086 186352794 333901966 
2 9 9 
342929720 98892808 
9 1 2 
429499488 187436032 792480042 266871645 216238167 55226150 318707400 279374622 639403116 
8 6 1 
736173816 57089778 273854390 417837190 589300480 695263338 324040464 506587760 
6 10 1 
378335191 576778540 51719368 294897460 137233011 272076706 
10 4 6 
235862760 298739155 56551500 143305640 960313095 496192770 284961600 89227560 238152320 1620510 
5 3 8 
697269311 345280751 737981335 226359484 5421768 
3 7 8 
13403775 52361925 74300920 
3 3 1 
31127798 377021580 62200850 
2 2 8 
19406250 124442623 
6 10 2 
101707945 485449877 175492792 365211024 181708640 384835443 
9 2 8 
50713290 189011955 274639648 188202750 182032237 24091587 349140600 119477358 109479444 
9 7 7 
23523136 125145280 56521418 5166480 89562385 156682215 610661898 206846744 212362776 
10 10 3 
193529061 560449176 356204995 771991236 1147230 8952660 984987100 347647776 147705670 10340085 
7 7 6 
15855872 644888880 258694854 688897671 132983328 361285540 567216356 
9 5 1 
576483192 283988904 345896180 222651500 227212092 3543779 454247136 371913404 400060794 
4 8 9 
138199180 1515976 383055081 301473900 
4 2 2 
69950640 46711458 265737360 37817640 
3 6 8 
325915336 77740405 111450853 
7 3 2 
753622688 162415872 342488100 5693779 1537868 480794118 68072993 
7 2 2 
336719573 724496465 10396920 87647920 430864745 216153560 474065096 
6 8 5 
663989125 121624088 381216570 625428060 8064639 6394715 
9 6 7 
549625000 312606280 17489898 149626928 317082753 765074128 88716700 11162019 118398016 
5 10 9 
72758108 43596994 97206522 218107260 919106790 
5 4 3 
48529159 394201716 110187184 966586644 535311830 
6 4 9 
71045884 361705164 149323250 643807346 397558766 112853768 
4 3 8 
31172246 55442899 18335280 485169600 
1 7 9 
141792408 
1 2 2 
29473275 
10 6 4 
101066130 1456530 623294700 166269212 136071096 118427000 183407750 453211510 512279398 654548928 
7 4 2 
5985980 283655388 321249590 166073745 4670919 48049500 327641472 
6 4 5 
314063574 25326596 549243600 660865050 32978764 7090440 
1 4 2 
70542512 
8 10 1 
338080197 676507464 470397300 184941246 82957882 10952076 497637108 35767488 
4 6 3 
10071537 30281721 191140944 144177320 
10 2 3 
152520175 368404062 449430383 297419936 540465651 6634098 370590958 39436950 309185378 44163416 
7 2 8 
282002074 7333188 814720520 431463456 471478578 562780940 90710275 
1 2 6 
14023152 
3 3 10 
228087030 641824288 103243644 
1 6 2 
214544400 
9 4 7 
302564570 682329284 317684500 50727348 394352418 546772557 175001840 285398076 953234748 
9 9 7 
568587576 194413475 9586341 438028599 52203532 50941044 42929792 3609822 50482465 
2 7 7 
8080048 27053052 
8 1 5 
235360385 618704324 363489384 256917088 139125834 14336410 532708650 639638036 
10 9 10 
560481020 168289545 294923485 686040908 176303709 820501056 423934836 86788242 7176202 21128800 
5 10 9 
419847940 987138086 586044576 795725040 478301244 
8 6 7 
305449893 735466468 15679800 115278250 478753730 663110960 695217218 392625648 
5 9 7 
69019005 640100200 436319637 63387135 125254923 
9 8 9 
700375335 60338106 51333135 509371823 407130040 208282368 122424968 684811725 301819365 
1 10 6 
810466690 
7 10 1 
13864515 32521104 413722713 97769776 167638197 251024981 143967096 
1 2 4 
944797542 
6 6 9 
489048228 395959291 220715553 98696519 60297222 292884822 
1 2 8 
617389425 
8 5 7 
394511742 133753180 610954416 247754794 286656008 173078283 364531812 104435947 
8 1 8 
203230300 412741600 487668272 46513544 118900143 618177168 16859626 29771898 
5 2 3 
265700368 410269860 255005840 299647660 795981072 
2 9 4 
18721875 192318760 
6 8 2 
811944648 351092952 127076748 243782190 48167385 146269224 
5 8 7 
53254608 17596324 208500585 82290726 554749372 
9 3 4 
543730988 413431508 383034960 310704227 796609493 682644942 5239345 121478847 437993490 
1 3 8 
216819560 
9 9 6 
30997365 30294090 154986468 40813850 247220290 497858140 26217120 802477233 221965788 
10 8 2 
15717381 149684664 213652890 180847596 285696288 171919776 143200277 310242580 236406301 192065742 
4 5 8 
142693060 597202533 348361488 57801400 
2 4 8 
209745790 234144792 
2 3 8 
724084242 192692784 
6 4 5 
20938140 265494704 568228199 161405066 428843832 239998836 
5 6 6 
217866728 93379859 119325255 467985472 220294035 
2 5 2 
181828764 212301468 
3 7 7 
48964500 414895900 127797606 
4 4 1 
111965000 348712 51427705 6258772 
1 9 2 
621631008 
4 9 2 
149429525 597431429 45632268 127363055 
7 10 9 
299681536 517500828 244518483 336946464 120456504 9028180 6652800 
1 2 4 
24671205 
10 4 10 
310486385 70352882 140434785 366539384 746233620 10012728 560472801 63033180 21329016 294409310 
4 7 6 
98852964 726395000 49629924 77774433 
6 5 1 
364255234 584886682 262625334 179163900 22024002 138981794 
6 1 7 
42124140 301629735 293821625 159211682 363704796 36467134 
6 6 2 
803216088 766125066 805557060 7758245 496127430 95867217 
9 10 7 
476711620 774806344 265488609 248386600 60089778 188851054 65737980 30074625 698363270 
3 3 6 
51879812 920503123 79866474 
1 6 3 
604826102 
6 3 1 
859845336 289674476 532018376 313408764 192743166 82306730 
7 8 3 
242704792 476970384 263970720 440061138 251246592 96183276 479494180 
9 1 1 
3100590 313167204 542508525 201690948 167242668 93117150 318912462 485670528 192679188 
7 9 4 
221824960 591763081 930055686 363061920 90447955 544992462 44182098 
1 7 5 
38029427 
4 8 1 
230088488 579498140 17082468 30889222 
6 3 1 
831123822 389221524 463130154 133198436 936611736 68006929 
8 6 7 
122100188 64945800 112031331 107161393 629301544 387807669 36429050 10885821 
2 9 2 
400820559 183453303 
9 6 7 
3066602 93924250 402466857 340532388 894407472 162400544 122677672 268627624 339931200 
6 10 3 
32708599 14164141 186017965 447485752 85178500 69583594 
7 6 3 
355969216 100836864 272792253 673521453 8787330 274873888 680507311 
4 3 2 
78114800 412135131 126530481 548768868 
3 3 9 
150416294 4430642 35069730 
9 9 8 
349888683 235241305 471629975 78759096 7224200 34747785 220079850 153727131 634772160 
5 1 1 
52123183 556979310 5819144 74696194 60502456 
6 10 10 
142219080 698537547 438298908 258103602 319659635 755038986 
6 4 1 
455932488 129381240 515985646 329830451 427273856 245525168 
10 10 6 
39727336 436951186 589268694 47590140 374487812 133270008 196551672 53110038 99429372 7147368 
2 2 2 
18796470 30459375 
3 4 4 
189317463 2068902 163464180 
10 8 3 
209078352 112446021 12584196 21444247 14693210 325470000 15982080 70523145 238770 857739182 
4 4 1 
36015616 599216480 442150412 182342370 
5 9 5 
116649442 312019524 197267472 38478324 417675280 
4 10 3 
83732544 76437042 36738792 44225610 
5 10 1 
151815435 102044732 395270941 633598534 686699463 
6 8 5 
292823400 167728480 12838966 71939317 294004977 33112235 
8 7 7 
902673991 439677098 817407256 455529555 718530638 55575828 109177952 10650339 
4 1 10 
336894048 879170817 19112988 623326590 
1 9 1 
536554130 
2 6 2 
744264190 143967862 
1 4 10 
331533204 
6 9 10 
33313995 698382165 305180088 997550840 308327208 261060828 
7 3 6 
160176016 119814035 51409308 221336480 555478794 52301340 852913738 
8 7 4 
3986552 27486900 527407650 13066110 449490885 211964088 181119444 305826794 
9 6 10 
74902833 249447100 33139800 23443560 471902550 3098650 206683868 222603480 87754542 
4 1 3 
207588156 387157626 548384004 22978998 
6 2 6 
735658902 235119305 2897730 71941377 630987240 92657848 
8 8 10 
181572560 424047530 19683512 127510140 174548932 471190482 60640424 271722667 
5 2 8 
817102650 822103 245931082 20395952 168205284 
9 6 8 
24987410 132532176 508780017 494929760 532331310 12983491 474603216 158246144 569872008 
9 9 5 
148950768 165660120 595800 96874284 192905622 102992427 408722401 226115143 238471299 
3 4 9 
560730712 16477068 2098335 
5 2 4 
105320814 215058186 146924852 6386644 119433392 
1 5 2 
294413420 
8 8 3 
153919959 139746648 52975325 105287182 370656518 324275109 148562400 374789700 
2 4 2 
617484800 378862152 
4 2 6 
3597888 464027576 93955500 99610479 
2 6 1 
11332972 49408065 
6 2 3 
466987180 64277850 114540382 254559242 462429497 412246268 
3 2 6 
264917848 130499456 790838340 
6 4 9 
219084976 258425840 250547696 228426978 639350810 143410176 
10 3 9 
405172035 93848704 56600082 396044669 157898692 628299076 2460546 85874288 929126684 118659576 
5 3 8 
244339480 539388125 244180926 345835200 477531106 
6 9 5 
83458865 118672060 581805920 33744001 83378992 52365083 
1 10 5 
35367759 
5 4 6 
445522416 60244718 220509423 806011700 75542702 
9 5 2 
143981019 41033925 235477317 98016075 394708092 126840120 106354944 255927000 38925700 
1 4 4 
297227396 
5 1 7 
144908724 214594677 3425299 462928788 392164864 
8 6 6 
907990356 254104 404938306 150730041 15489801 360529535 52590384 200114700 
7 1 10 
24465950 365741268 219260143 44102820 50437044 18501452 155163060 
9 4 6 
2620035 329372834 127952000 279118288 341757234 32529360 169960931 95574167 313974864 
8 10 1 
793207404 89872039 514972173 474283980 31570516 587742300 916199008 334650900 
5 9 8 
302788530 137121453 202469184 66083892 270856620 
5 1 3 
759859860 152572244 70723872 531200894 28351980 
4 6 5 
94961452 820747540 209562258 478332465 
2 7 7 
104063656 35974991 
5 6 3 
523351900 369044609 100179628 99671758 320868821 
10 2 3 
939689760 404337998 568593440 253829048 90578682 293806592 694918500 66677912 557526885 9683874 
5 10 10 
1211532 175893379 676280628 201312000 42594528 
4 8 7 
496160301 3282235 112185450 295280824 
6 9 8 
93737298 673883904 198896180 208313277 14973001 236830977 
9 10 8 
287327724 114394576 159929436 177504204 279378945 611896788 243269432 72746361 65941584 
8 2 7 
7294988 132228684 106541535 139628881 63188223 661450640 547318072 635863882 
6 1 2 
173786526 42834704 185162355 348536940 316455627 411021312 
4 3 7 
3485742 246804120 177482690 961983045 
1 6 8 
780249056 
5 5 10 
127544076 378418222 44454124 661119195 689803323 
1 7 2 
243692493 
2 10 1 
584593943 241772670 
5 3 2 
719038800 112377 220632000 1792791 554567608 
10 8 1 
486264480 15471092 512593752 457005900 124847856 244174310 10911752 137204475 344599080 358944539 
10 4 4 
517736460 27593304 311812320 282596855 324156690 261877040 261542880 302911140 33503400 180857542 
4 2 4 
481415186 47381487 410701056 41286074 
6 7 10 
19938270 140079900 202517172 506388894 3652454 763942592 
6 10 9 
536844840 10639008 209910118 807719440 484587680 279059617 
9 4 10 
95625048 45725472 342636350 418330880 343592574 120042200 3858012 219249270 474335397 
6 2 4 
777195000 274737654 152490240 569621616 602776140 13886526 
7 3 9 
509919265 319266120 195329230 169342632 171194100 155817376 610490854 
9 2 10 
506388855 465875970 197915508 58025250 60000480 475459260 20770464 192505236 198733296 
9 2 4 
194012 115095780 57160978 59487692 719601744 442636020 448136458 417098242 13371968 
4 5 4 
790617300 543381996 370606684 160935364 
10 3 8 
40663701 144775200 204928080 145501432 101266782 764487531 3109806 208614318 343013700 522698088 
3 2 8 
67513860 362381751 177904132 
7 2 8 
62588740 644375270 198365058 46749592 258447280 44434896 211609125 
4 1 7 
235475448 300851858 191308596 179204428 
1 3 6 
823143066 
7 1 8 
23844037 506555800 605108400 28047201 248707742 345999820 24011084 
3 1 10 
727852260 161221137 452271608 
6 5 4 
406516418 415529280 883418616 524425764 321922311 6861000 
3 6 7 
5850198 116355484 252109440 
1 9 9 
162295685 
2 6 8 
12426394 13017090 
6 8 10 
602290650 561277024 143437251 279233950 167652488 21993238 
3 4 8 
118438672 192969663 59651602 
3 8 10 
913285152 359524500 54192688 
4 7 4 
448877724 79341790 217523520 469365985 
9 2 1 
442645840 28412475 306212400 209232954 285856125 136239547 14311210 113239107 348071670 
7 9 8 
515040744 737407731 245285040 142398464 49218133 52092192 42315188 
7 6 2 
317586624 223661274 539592937 199446840 256271088 736461513 740482848 
3 10 6 
19718256 442789610 160032726 
7 2 6 
307880955 166879848 306316605 127347728 8291851 113850312 112804384 
5 2 4 
5968440 267599862 51108507 20376016 246727127 
9 6 1 
841155240 198082252 440336350 171234240 486485766 247271076 236628744 317791012 149611652 
10 3 2 
788411800 270273536 52762068 712054914 266750120 171447399 102852428 308330903 166503612 382981888 
4 4 6 
63785832 11772585 146900920 243134472 
3 10 1 
238486875 204194619 83346690 
5 9 6 
28244480 150128775 88648604 75729510 385160860 
8 4 4 
46553808 442156038 12542351 34661214 74421951 5239608 746242227 240772978 
1 4 1 
889210939 
4 3 2 
7439040 335416774 637431093 64689680 
2 1 9 
119308104 130402896 
2 9 8 
114995656 440732705 
3 9 10 
106843977 123218760 367211648 
3 4 1 
331356180 183912876 185363772 
3 9 3 
177946552 89283872 126347085 
6 6 9 
63522030 555523982 10382400 33487669 271819656 160427960 
2 3 5 
107754789 677203704 
10 9 9 
317487886 760109251 924665700 119927977 423546150 776843996 99224505 181148637 184139450 283834968 
3 8 2 
19588716 305032365 12398400 
8 10 6 
232304065 547148700 605572368 210989345 551573640 223486728 578451328 64153096 
1 4 5 
139160898 
1 2 6 
167807453 
4 5 3 
521396480 19482272 248375820 32468765 
4 3 10 
9579914 78441299 59376667 485306463 
5 10 3 
77293992 64308778 173276496 265125546 67012920 
5 10 1 
343421395 123705675 196653696 669318606 626064762 
5 5 10 
780940836 302731497 88716867 114525952 70710640 
9 6 4 
471990 400155304 62487084 160314249 937916724 224377194 369250380 311520000 12722067 
3 4 1 
515708901 405555822 99939284 
2 8 2 
5565550 790320828 
10 9 9 
66674475 350776800 419521312 98727390 542910285 464503180 244962860 107282200 130428445 270759339 
4 3 10 
37309888 72870771 294368594 105630033 
4 4 3 
648044688 460849050 749779485 44350400 
9 4 5 
820330722 857374367 258612419 691954758 136717560 595433314 16933506 476618952 161192850 
1 3 1 
473899089 
2 3 2 
101695041 424659672 
1 8 7 
46200 
7 9 1 
540031870 239487513 311724038 244871060 16925125 305516544 147830228 
6 9 9 
337717484 190089309 232497687 659694888 182669624 200164392 
10 6 8 
11721831 151019296 608240440 168363720 53278317 565940080 96528240 218356160 183514044 63775296 
4 3 3 
83860756 14611440 316826112 233468127 
3 1 1 
53334538 67458594 719340146 
3 4 2 
428345720 366955644 866777825 
7 9 8 
46199424 39183860 64854306 134641845 21777735 721617550 204535110 
8 3 9 
597611980 144505704 431896146 521246976 128750688 185666804 754232790 565681110 
8 10 6 
72599960 12425394 132744500 87748992 38189676 407978532 21670678 101834590 
10 3 10 
129293714 35389520 412054884 233131570 85722132 201761280 53132807 159309618 102707034 86828400 
2 4 1 
244262766 12386899 
9 2 10 
313328100 723294945 40149648 143714375 584497796 22499290 220117797 291818485 284861985 
3 1 3 
154111364 195204156 186138837 
5 8 6 
262828044 541659992 116221995 473822487 511715275 
9 2 1 
577458740 87199310 1839504 401195112 227928535 58195773 628044 26923768 938594531 
1 8 2 
161882800 
7 10 4 
102985398 389402302 156200227 818489088 59535820 62738450 98258902 
1 4 8 
59174974 
4 1 5 
171380172 37487750 132377190 831281716 
4 3 4 
42209670 227561080 780924272 781143710 
2 1 3 
431581824 681631362 
8 8 2 
82296143 18507346 179596832 515609663 385968380 739962405 876752532 15241128 
4 1 8 
369800475 679954242 58645366 741309072 
1 4 7 
238087822 
4 2 10 
229220760 39924710 47062366 46517328 
6 7 2 
4141896 435624322 248239763 572409894 171562440 54284280 
6 2 1 
423088353 474955412 462365790 185141703 49853136 76225632 
10 8 4 
474928184 240165816 992407486 52332522 65328570 256025544 567486945 160552028 336630109 124757388 
1 9 2 
15724926 
6 2 8 
28701850 567390240 206324800 418299606 587122020 783467010 
2 8 10 
55692926 283403301 
5 10 9 
259621040 592496265 60432174 151808594 449379860 
1 1 2 
950983670 
9 6 1 
171695253 546934488 351089508 79155144 35333140 54232173 75524300 348129564 138240899 
9 10 3 
28803024 345232930 119071682 109478494 321739316 12237170 135279900 381271500 420370664 
9 1 9 
49664758 95557698 5629508 526142628 127831723 959525292 44334816 308378664 359091567 
6 2 5 
86012585 232567380 133608750 188790056 100009566 704078592 
8 4 7 
212249025 132791373 52358152 184408380 318034325 281059296 544452992 383086416 
2 7 9 
398590864 255533834 
1 9 7 
302772570 
6 8 2 
90044160 166829692 150431610 440043570 66395784 44026660 
1 3 9 
27523881 
4 6 6 
113619372 702981390 690645326 16136616 
7 2 5 
350268304 730906909 89388540 510445635 137651250 113037708 74035780 
10 4 9 
93281250 430213652 473581266 306867442 802948744 121452352 309890579 674057440 36666034 500963874 
4 3 4 
23625252 424231626 21679812 142508184 
4 8 4 
51303582 854040156 367409000 136470288 
1 2 5 
88175372 
9 8 9 
99451538 53932692 73941158 89424867 585644262 567555627 24957849 401628948 14699700 
10 9 10 
9936705 311354211 489821600 641293092 275418992 208877522 902989553 1389660 15540558 142667812 
8 10 2 
14816912 345178848 145294560 287082774 309595031 207361658 91833972 713999536 
10 6 9 
280751504 244719090 85795971 468451715 51120125 357412800 18763 461813598 219837120 54985216 
10 7 10 
144148480 44383753 190317044 131594225 193822664 141547730 112846944 675444 440571138 307258770 
4 4 2 
946956707 500814748 7516710 33135030 
5 2 5 
123895980 157978986 206062020 471212800 88785936 
6 8 7 
24012087 28064960 432256530 524185602 100085760 3349980 
4 5 7 
423972660 640063653 443141125 120566637 
4 9 4 
187990780 220856650 107380968 173144790 
5 3 8 
1926845 477877400 508871260 44894200 633098520 
9 10 1 
444464300 103551984 818556838 92930541 4421760 727858072 69536304 49442692 821688862 
2 5 1 
201385720 337237728 
8 4 5 
284977984 120201330 472323369 429472505 20843908 598262478 199460882 105221688 
10 5 6 
755776252 75067839 877399512 16062004 138768426 173543721 253038226 475506996 256119192 194782104 
7 9 10 
11632726 449212459 269388327 54521797 175829136 610965465 136288014 
9 10 10 
657756896 121836032 283961378 132902754 195606435 116368824 22368544 618318674 125950222 
8 1 9 
381327468 311458680 67498412 424662180 34714700 58913556 120449700 49282320 
5 6 7 
304005996 726508548 497567070 244929832 70343510 
10 4 7 
449198640 216130932 53251793 591948504 594609540 792591393 35166996 459098722 108372297 178663815 
3 1 1 
128077915 404248835 157843728 
7 6 2 
10365412 513459192 55796736 95049200 171352020 301671802 460966350 
7 2 10 
474421640 719684140 105289571 104439660 217436375 359515482 135901088 
8 4 6 
16909153 490246848 248335512 21327093 142875186 379172805 706210620 165209807 
1 1 7 
48160021 
6 2 9 
223980372 616862820 168791491 132087528 2801091 6405202 
3 8 3 
35590656 109402300 123155208 
5 6 3 
517530348 418306359 236495348 171500140 148407202 
3 6 9 
51485665 578382141 41493982 
7 10 9 
572178 647360760 439713408 367536111 81908190 68162241 111277089 
4 6 6 
57135793 551982300 363101650 138602218 
1 6 9 
380540805 
2 6 1 
284080136 321462400 
8 4 5 
42096190 436729235 41133946 326497320 862862444 365812308 33800352 450316096 
2 6 7 
630297600 839397592 
5 2 8 
114731604 157167268 298997370 7699543 599107401 
1 5 1 
349061952 
7 2 1 
141910935 431980920 63970866 816904896 459921518 408854628 63209536 
6 6 3 
248545648 521033808 107077696 75085355 28960610 397996059 
6 9 4 
72386360 123143840 256246440 340494220 421634139 526400452 
3 8 9 
694394428 108947896 64367648 
6 3 8 
911714496 14157234 51328443 700260624 67779000 153058427 
3 10 8 
157882662 162508500 98103852 
7 4 2 
195567540 79242372 429308386 143324902 266396180 73318004 532234737 
6 10 9 
275540958 676484912 7764598 92658888 457700698 494229720 
10 6 5 
181734336 191713800 147536664 256633095 142229250 653606289 157331076 167009340 254463308 6755653 
10 6 3 
525723440 26497913 414037588 111893166 33206797 39920445 124635168 10426550 60753724 4101386 
6 3 3 
439633894 631832325 25065536 47614790 151793400 17667650 
4 1 9 
549856272 445201149 39332178 62126970 
8 3 9 
111579840 24888160 17116810 666198750 110494467 476846895 167911489 183178296 
4 8 6 
242396160 365182809 133635216 818142000 
5 2 9 
153479004 368329984 180742260 1711750 30530500 
3 10 7 
170943435 18399540 182236290 
9 10 9 
59240256 359928195 464047488 416071791 111907621 221613170 272856720 617174800 86009400 
2 7 4 
778048733 277662762 
8 6 5 
609763860 289470352 78736988 33116704 12334850 428881032 166021345 199406070 
2 1 2 
144765608 296095549 
3 3 9 
168918116 58051998 442005135 
6 5 7 
90927565 111303624 392460000 210784684 640537326 265856000 
8 8 4 
132753696 228168130 609994000 36200950 51466464 91060684 219288762 297168993 
5 5 10 
135452485 31431861 589415568 120810515 628169949 
2 9 4 
704362904 346547992 
9 8 10 
174082971 61802840 289072966 14488828 10675154 260082494 189419571 35224570 30468984 
8 2 2 
699799108 662838204 485475700 338077486 747354 284987912 239704920 2716320 
5 4 6 
61849332 279970812 28984669 171598365 465267360 
3 10 2 
807873300 858728952 11214159 
6 6 7 
31630898 252973008 317616804 185404380 559665095 106329704 
8 10 1 
29822169 765473272 139824388 93000413 176227898 302952190 202683978 15729088 
3 4 2 
71387531 798812550 359473500 
10 9 8 
80188227 79980971 464205000 239319360 507835342 209870815 104100412 4740975 176157322 66570096 
9 5 5 
130791240 400604568 215845600 35031519 34999225 551195000 761454906 803188386 287934588 
5 4 6 
157517750 143343788 7276073 54952046 4254525 
9 1 3 
716525796 454876821 616150692 140948485 36236736 160952688 20388368 169853841 106062138 
10 5 10 
54455316 178406469 141566755 89183581 261865065 30624602 40320735 392375106 398553255 28695510 
9 4 6 
53388500 294279585 646930080 227957626 69702788 144697504 4846842 249473369 53054991 
1 5 4 
722785946 
6 3 6 
212764812 160159788 621357920 19238656 14746636 387068890 
8 8 8 
59176332 178509695 664508348 27297688 37170432 66575960 495926428 247957450 
5 5 1 
637196000 2969472 205549416 286220252 53942511 
5 2 2 
295309215 978305664 494211522 312466936 225090123 
6 5 1 
102249168 383945100 977877660 189741537 548715675 64491520 
3 9 7 
263216538 38498075 323819271 
9 2 5 
530299904 525292060 928502624 600348976 7692036 584708332 454111987 45371352 48470943 
8 7 5 
41289168 127022229 164742720 236741448 537014120 708612300 423962922 334498990 
10 9 8 
839004660 1144595 100307700 9661450 217774120 336012776 48352311 640644925 204021700 104001720 
4 9 7 
79129310 225486180 19517460 24720000 
3 9 1 
363320650 118021358 483416274 
10 9 1 
61985500 957251916 552116820 159638440 121702473 153992245 2758140 232682184 138208196 452794600 
5 10 7 
663488633 476374570 176272779 484132200 254847360 
9 3 9 
360343323 582496893 14358607 708500234 75954732 263810040 631543575 56583072 342539292 
5 8 10 
142396254 145638526 89568869 22517253 922985192 
5 1 8 
105168100 814394304 245758344 338164 12262258 
5 9 2 
143229086 496562385 30099740 27490530 172682996 
9 3 3 
173688970 187280223 79523422 135420610 121864428 184985136 190839250 182811510 387795256 
2 5 7 
30330550 81238036 
7 10 4 
53485642 22719827 273010536 123610900 343932232 826567415 77981981 
9 2 4 
237061923 239196789 518486928 955468674 455502960 18764441 191257353 578144375 188149742 
7 5 6 
825981695 616261352 380860480 170232090 371632464 68874804 361940625 
3 3 1 
643317682 300113145 291281655 
2 1 4 
931081111 120491655 
9 8 4 
794778780 269355783 325781544 32368875 532812900 54876625 306951673 230705160 4780395 
4 2 5 
33042600 85434160 188451461 182782831 
6 7 2 
623291487 89871133 30588688 568646100 203245020 263588874 
3 2 10 
262665728 55158796 20841462 
2 9 1 
174084294 698293230 
5 8 8 
405434906 201449115 135450854 114354852 580347350 
5 2 2 
639150791 34300668 55158256 44984880 739801164 
10 9 2 
23348547 508156116 185391983 106485630 40197690 39405384 60443840 279727656 60398144 319589028 
1 4 3 
123350520 
6 1 4 
29115945 582544290 64783478 583087440 3098760 271627587 
3 3 7 
770270450 290885952 82477044 
4 4 7 
11502404 173772922 636903540 249235030 
2 6 9 
76173480 25708032 
3 2 10 
617705270 173287080 816600167 
4 10 8 
12923104 261275688 350087638 51590304 
3 2 4 
166184634 134082333 474700092 
3 1 10 
363528722 43206952 227412012 
3 8 5 
105019788 354786770 534314564 
6 1 4 
34218720 18461344 100567467 394899705 70809648 21863056 
3 10 8 
160391168 703276139 643918756 
9 1 2 
357831925 2880348 167395825 490439002 644847958 191517480 25184858 196595204 53288793 
2 5 8 
775205995 612957816 
5 4 10 
55917004 663430500 406980846 411853332 528295560 
10 7 8 
102141045 756290880 2881338 62476770 322629659 836512338 52357620 83243601 10550940 277196092 
7 3 1 
312134076 257511978 748335083 155186598 96307291 454656600 238678482 
10 7 3 
204088563 710277129 287926896 343740915 83254352 179311132 15335166 192909698 232230702 131516849 
4 1 4 
862511770 333737655 165781539 89397455 
6 2 10 
47152881 370825299 16022872 40849857 407638322 581558127 
7 8 10 
914122110 214549878 26066040 182436960 65866878 433986091 169694925 
3 8 6 
261873176 295619976 16680060 
7 9 3 
435552578 536409500 3990400 30456200 369918250 317502250 853851226 
5 7 4 
153287680 541042803 367526920 173999714 25256406 
1 10 2 
44912358 
9 8 7 
205255248 60691675 499282380 35081417 178122518 319237688 198500784 333965311 44719928 
9 5 1 
204719914 14588640 310521768 227651076 230654632 369193110 563767890 244084652 18415148 
4 8 10 
226140372 27376000 40102374 17309865 
7 3 3 
276127995 65279270 860810544 57666864 87380457 883777980 391641445 
8 4 1 
583680 207886980 287982054 75863466 104537901 835280180 112315350 228223596 
8 4 1 
805375662 31488765 394466106 85493133 212731088 16324801 647425013 521427902 
8 4 7 
119352030 462986832 65681441 135135682 37388800 143133553 66450832 121848993 
5 7 8 
131265904 374494676 145959275 586298032 105724422 
5 1 2 
32595738 28966924 161644582 580590969 925427888 
3 5 5 
63572340 4148625 8295872 
7 4 5 
211629854 76568544 411176336 686122635 129322288 59317590 60636786 
6 1 3 
205067950 431221830 573324013 422799260 125726708 265248252 
1 2 7 
5806692 
10 4 8 
400427610 257452929 89486784 706647296 49470955 476195200 139097628 2777140 15728733 16641720 
10 2 6 
474732824 110313612 29947725 286382025 38184968 263403140 183246716 147135096 67994212 342662880 
3 5 5 
444318876 280687704 196045941 
2 4 5 
675513520 37769472 
7 9 9 
282538155 485758836 160121107 874180452 13310100 6108984 501481240 
8 1 4 
30633971 379944916 182025171 607527336 3824894 390107620 130510603 388595904 
5 5 7 
522150246 12690465 662480906 86632440 318944088 
8 2 9 
267846339 997141035 627888885 262293723 893441467 539760000 73853796 17088358 
2 3 2 
21638988 33199026 
3 4 2 
878424625 35597118 503106285 
2 2 1 
854461678 31126592 
9 10 2 
405483104 237181270 172491514 530662823 930914082 488908272 24662869 701379263 422553110 
1 10 8 
226879380 
8 5 6 
642329865 28278709 342558272 115413049 82371348 7149344 47136505 79977160 
2 7 8 
324012996 425266968 
9 4 10 
138041893 67959570 143798733 336767007 131959002 545940286 503312689 591244500 624070848 
4 2 4 
711689808 537830347 422211468 826064440 
10 7 4 
149106177 2834209 8745480 240424866 101849604 55711684 238673060 627804645 78058536 314127574 
8 6 3 
390694320 653506770 159684875 3163342 13962758 283410040 322330064 215679942 
1 8 2 
514809612 
8 1 7 
738797760 287226632 134130448 5388760 392878080 776867166 60749346 72019008 
8 2 8 
289366350 397352112 397850400 443088425 709356816 174195254 116098422 195684709 
6 5 9 
65213981 893814454 276712502 553480158 301842640 461363026 
2 8 6 
179958366 269511840 
3 2 8 
664562894 262857904 50817695 
6 4 2 
646804707 128477177 223722380 394148700 262397281 277382608 
1 1 1 
163751990 
6 1 1 
117437306 62590854 3479112 212543 366526418 162299774 
8 9 7 
340586030 281076708 68221680 289503000 228689594 214442208 141906864 791832619 
5 10 2 
295242490 153267020 751009476 372907300 277985052 
5 9 1 
411817120 27437622 146485417 81437928 296389992 
9 10 10 
470562156 67762056 242052296 347467548 125473472 377185257 20188336 101847444 402574665 
8 10 10 
6492186 317331630 32857650 591982664 289834034 694172109 583304832 378988665 
10 7 1 
95474800 331966480 225073575 71739090 8639244 347466796 181327401 288078186 209126148 349429500 
7 4 9 
886732750 196868100 68767945 379389980 271547810 4994841 628900137 
1 4 7 
270335058 
10 5 3 
38981088 137312154 397978443 86681265 27316674 54350633 179658116 501756870 292221035 747328680 
1 5 5 
2812269 
4 7 10 
442061730 252465018 314483424 136661869 
2 9 10 
386818068 14474944 
2 2 9 
97650930 298278350 
7 4 6 
27641721 24337513 123067035 432329010 62608561 14078004 556817508 
1 10 2 
527113710 
