216673526 10
2 2 2 2 1 2 1 1 1 1 
194134126 5
1 1 1 1 1 
1449812185 27
8 3 4 8 6 3 4 8 6 3 4 6 5 5 7 5 2 7 2 9 7 2 1 9 1 9 1 
549413694 6
1 2 1 2 3 1 
299036062 4
2 2 1 1 
315091845 6
1 1 1 2 2 2 
1205740385 16
4 1 4 1 5 2 8 6 3 5 2 8 6 3 7 7 
539983845 3
5 5 1 
602320057 6
2 2 1 1 3 3 
1098634177 19
1 5 1 5 1 5 1 7 5 1 7 5 1 7 6 5 4 7 6 
946033423 16
7 7 8 1 3 8 4 1 3 4 2 5 6 2 5 6 
1412518725 27
3 3 1 4 5 3 1 4 5 1 9 4 7 8 5 9 7 8 2 6 9 7 8 2 6 2 6 
2584866388 48
6 5 6 5 7 1 6 5 7 1 6 5 7 1 4 6 5 3 7 1 4 8 6 5 3 7 1 4 8 3 7 1 4 8 2 3 4 8 2 3 4 8 2 3 8 2 2 2 
583019872 4
5 3 5 2 
574103309 12
3 2 1 3 2 1 3 2 1 3 2 1 
152076986 10
2 2 4 4 5 5 3 3 1 1 
513141416 32
1 3 1 3 1 4 3 1 4 3 1 4 3 1 4 3 1 4 3 1 4 3 2 4 2 4 2 2 2 2 2 2 
2141877598 40
3 5 3 1 5 3 1 5 3 1 5 4 3 1 5 4 3 1 5 4 3 1 5 4 3 1 5 4 1 4 4 4 2 2 2 2 2 2 2 2 
1721485562 32
5 5 7 5 7 6 2 8 3 5 7 6 2 8 3 7 6 2 8 1 3 6 2 8 1 3 4 1 4 1 4 4 
1656597182 18
2 1 2 1 2 1 2 1 2 1 2 1 2 1 2 1 2 1 
551915374 7
2 7 6 3 4 1 5 
871318672 21
3 3 3 1 3 1 2 3 1 2 3 1 2 3 1 2 1 2 1 2 2 
182983194 5
1 1 1 1 1 
1735627226 47
4 6 4 5 8 6 4 3 5 8 6 4 3 9 2 5 8 6 4 3 9 1 2 5 8 6 4 3 9 1 2 5 8 6 3 9 1 2 5 8 3 9 1 2 9 1 2 
24991205 1
1 
103913710 2
1 1 
1443895736 40
1 1 3 1 3 1 3 1 3 1 4 2 3 1 4 2 3 1 4 2 3 1 4 2 3 1 4 2 3 4 2 3 4 2 4 2 4 2 4 2 
1075474274 20
3 4 3 4 2 3 4 2 3 4 2 3 1 4 2 1 2 1 1 1 
1903834654 41
7 6 1 7 6 1 2 7 6 1 2 4 7 6 1 2 4 7 6 1 5 2 3 4 7 6 1 5 2 3 4 7 6 1 5 2 3 4 5 2 3 
2558454708 32
2 5 1 2 6 5 1 2 6 5 1 2 6 5 1 2 7 6 5 1 2 7 6 5 1 2 7 6 5 1 2 7 
2245764232 35
5 1 5 1 3 4 5 1 3 4 2 5 1 3 4 2 5 1 3 4 2 5 1 3 4 2 5 1 3 4 2 3 4 2 2 
443101281 36
4 4 4 4 4 4 4 1 4 1 2 4 1 3 2 1 3 2 1 3 2 1 3 2 1 3 2 1 3 2 1 3 2 3 2 3 
2561182260 83
3 7 3 1 7 4 3 1 7 5 4 3 1 9 7 5 4 3 1 9 8 7 6 5 4 3 1 9 8 7 6 5 4 3 1 9 8 7 6 5 4 3 1 9 8 7 6 5 4 2 3 1 9 8 7 6 5 4 2 3 1 9 8 7 6 5 4 2 1 9 8 6 5 4 2 9 8 6 5 2 9 8 6 
158520165 12
2 2 1 2 1 2 1 2 1 2 1 1 
2911765305 50
1 6 1 10 6 1 10 5 6 9 1 10 7 5 6 9 1 10 3 7 5 2 6 9 10 3 7 5 2 9 4 3 8 7 5 2 9 4 3 8 7 2 4 3 8 2 4 8 4 8 
357476757 7
1 1 1 1 1 1 1 
389605929 8
4 4 3 3 2 2 1 1 
495900615 18
4 4 4 5 1 5 1 5 6 1 6 6 2 2 3 2 3 3 
31287592 8
1 1 1 1 1 1 1 1 
946827985 12
2 2 2 1 4 1 4 1 4 3 3 3 
1021820192 14
4 2 4 6 2 6 5 5 3 7 3 7 1 1 
995862460 56
7 7 7 1 7 1 7 1 7 2 3 1 7 2 3 1 4 5 7 2 3 6 1 4 5 2 3 6 1 4 5 2 3 6 1 4 5 2 3 6 4 5 2 3 6 4 5 2 3 6 4 5 6 4 5 6 
1316454510 12
1 3 1 6 3 6 2 2 4 4 5 5 
386897929 3
2 1 3 
19578737 14
1 1 1 1 1 1 1 2 2 2 2 2 2 2 
171218025 2
1 1 
1695589606 38
7 7 8 7 8 4 7 8 6 3 4 7 8 6 3 4 7 8 6 3 4 7 8 6 3 4 7 8 1 6 3 4 8 1 6 3 4 5 
1100925411 32
1 4 1 5 6 4 3 1 5 6 4 3 1 5 6 2 4 7 3 8 5 6 2 7 3 8 2 7 8 2 7 8 
730581177 10
2 5 2 5 2 4 5 2 4 5 
1699473474 22
6 9 6 5 9 6 5 9 1 6 5 9 1 3 6 4 5 9 1 3 6 7 
950052865 21
3 3 3 3 1 2 3 1 2 3 1 2 3 1 2 1 2 1 2 1 2 
3366088 9
1 1 1 1 1 1 1 1 1 
101556529 3
1 1 1 
1306506433 11
6 6 5 4 6 5 4 1 6 5 2 
934733641 38
1 2 3 1 2 5 3 1 2 4 5 3 1 2 4 5 3 1 2 4 5 3 1 2 4 5 3 1 2 4 5 3 1 2 4 5 3 1 
516627098 8
3 3 1 1 2 2 4 4 
271485376 6
1 1 2 2 3 3 
630259144 7
7 4 1 6 5 2 3 
1293350304 22
1 1 3 7 1 3 7 1 3 4 7 6 1 3 4 7 6 1 3 4 7 6 
2287358959 50
10 3 2 6 4 10 3 2 6 4 5 10 3 9 2 6 8 4 5 10 3 9 2 6 8 4 5 7 10 3 9 2 6 8 4 1 5 7 9 8 1 5 7 9 8 1 7 1 7 1 
414843821 8
2 1 2 1 2 1 2 1 
2031664845 19
4 1 4 1 10 2 5 4 1 10 2 5 4 1 10 2 5 4 1 
928057519 8
1 1 1 1 1 1 1 1 
1735193889 29
7 4 7 4 7 5 2 1 4 7 5 2 1 4 5 2 1 3 5 2 8 1 3 8 3 8 3 8 6 
2426718294 72
3 4 3 9 4 3 9 4 3 9 6 4 3 1 9 6 4 3 1 9 5 6 7 4 3 1 9 2 5 6 7 4 3 1 9 2 5 6 7 4 1 9 2 5 6 7 1 2 5 6 8 7 1 2 5 6 8 7 1 2 5 8 7 2 5 8 7 2 8 8 8 8 
536975626 11
2 2 2 2 2 2 2 2 1 1 1 
1082652562 15
4 4 4 3 4 3 4 3 4 3 4 2 1 3 4 
1473289713 14
1 6 1 6 5 5 7 2 7 2 3 3 4 4 
414097930 10
1 1 1 1 1 1 1 1 1 1 
893267220 28
3 3 3 3 2 2 4 1 5 2 4 1 5 2 4 1 5 6 4 1 5 6 6 6 7 7 7 7 
1501434728 9
5 2 5 2 4 5 2 4 5 
2346700644 30
9 3 5 9 3 5 7 6 9 3 8 5 7 6 10 8 7 6 10 8 10 4 2 1 4 2 1 4 2 1 
1599661448 24
1 3 1 2 3 1 2 3 1 2 4 3 2 4 4 5 4 5 5 6 5 6 6 6 
800149342 24
2 2 2 2 2 2 2 4 2 4 3 1 4 3 1 4 3 1 4 3 1 4 3 1 
550074640 4
2 4 2 4 
227498042 9
1 1 1 1 1 1 1 1 1 
3186621 9
1 1 1 1 1 1 1 1 1 
202528863 18
1 1 1 1 1 1 2 1 2 1 2 1 2 2 2 2 2 2 
1533982606 30
2 7 1 2 7 1 2 7 10 4 1 10 4 9 10 4 9 3 9 3 8 3 8 5 8 5 5 6 6 6 
366149448 9
1 3 1 2 3 1 2 3 2 
765485542 9
9 1 3 2 4 6 7 8 5 
748763833 16
3 3 8 4 7 8 4 7 5 1 5 1 2 6 2 6 
1540206531 42
2 1 3 2 1 3 2 1 5 3 2 1 5 3 2 1 5 3 2 1 5 3 2 1 5 3 5 6 5 4 6 4 6 4 6 4 6 4 6 4 6 4 
566460076 3
1 2 1 
1244524708 27
1 1 1 2 3 1 2 3 1 2 3 1 2 3 1 2 3 1 2 3 1 2 3 2 3 2 3 
2198642271 49
6 3 1 6 4 3 1 6 4 3 1 2 6 4 3 1 2 6 4 3 1 2 6 4 3 1 2 6 4 3 1 5 2 4 5 2 7 5 2 7 5 7 5 7 5 7 5 7 7 
929590897 34
6 2 6 2 3 6 4 2 3 6 4 2 3 6 4 2 3 6 4 2 3 1 6 4 2 3 1 6 4 2 3 1 6 4 
583326913 21
2 2 2 1 2 1 2 1 2 1 2 3 1 3 1 3 1 3 3 3 3 
796651776 6
2 2 1 2 1 1 
125371540 20
1 1 1 1 1 1 1 2 1 2 1 2 1 2 2 2 2 2 2 2 
1496237940 24
5 1 5 1 6 5 2 1 6 2 4 3 6 2 4 3 4 3 8 8 8 7 7 7 
2285579063 30
8 6 3 4 8 6 3 4 8 1 7 6 3 2 4 1 7 5 2 1 7 5 9 2 5 10 9 10 9 10 
83066317 4
1 1 1 1 
2322181833 62
1 1 6 1 6 7 5 3 10 1 6 7 5 3 10 1 9 6 7 5 4 3 10 1 9 6 7 5 4 3 10 1 9 6 7 5 4 3 10 1 9 6 7 5 4 3 10 1 9 6 7 5 4 3 10 9 6 7 2 5 4 3 
565376698 12
2 2 2 2 1 2 1 2 1 1 1 1 
219133631 3
2 4 2 
813703390 27
2 2 1 2 1 2 1 2 1 2 1 2 1 2 1 2 1 3 1 3 3 3 3 3 3 3 3 
1472663577 18
3 4 3 4 3 2 4 5 3 2 4 5 3 2 4 5 3 1 
315967635 30
2 1 2 1 2 3 1 2 3 1 2 3 1 2 3 1 2 3 1 2 3 1 2 3 1 2 3 1 3 3 
802283194 22
5 2 5 3 2 4 5 3 1 2 4 5 3 1 2 4 5 3 1 2 4 5 
1460786759 30
6 7 6 7 6 5 7 6 5 3 7 6 5 3 7 6 5 3 7 6 5 3 7 1 6 5 3 4 7 1 
239534471 18
3 3 2 1 3 2 1 3 2 1 3 2 1 3 2 1 2 1 
679324457 10
2 5 2 5 1 4 1 4 3 3 
327693849 3
2 3 1 
2343104196 54
8 8 1 8 2 3 1 8 2 3 1 5 8 2 3 1 5 6 9 8 2 3 1 5 6 9 4 8 2 3 1 5 6 9 4 8 2 7 3 1 5 6 9 4 8 2 7 3 1 5 6 9 4 8 
1230092071 28
1 1 1 4 1 4 1 4 1 4 1 4 3 4 3 4 3 3 3 3 2 3 2 2 2 2 2 2 
2314113171 30
6 6 2 6 3 2 1 6 3 2 1 6 3 2 1 6 3 2 5 7 4 1 6 3 8 2 5 7 4 1 
1590840684 67
6 6 6 2 6 2 1 6 2 1 3 6 2 1 3 6 7 2 1 3 4 6 7 2 1 5 3 4 6 7 2 1 5 3 4 6 7 2 1 5 3 4 7 2 1 5 3 4 7 2 1 8 5 3 4 7 1 8 5 3 4 7 8 5 3 4 7 
1356991699 32
4 4 4 3 4 3 1 2 4 3 1 2 4 3 1 2 4 3 1 2 4 3 1 2 3 1 2 3 1 2 1 2 
721344561 42
2 1 5 2 1 5 2 1 5 2 1 5 2 1 5 2 1 5 6 6 4 6 4 6 7 4 6 7 4 6 7 4 7 4 7 7 3 3 3 3 3 3 
1943118103 54
1 3 8 1 3 8 1 4 3 6 8 1 7 4 3 6 9 8 1 7 4 3 6 9 8 1 7 4 3 6 9 5 8 7 4 6 9 5 7 4 6 9 5 7 9 5 5 2 5 2 2 2 2 2 
980051690 10
1 2 3 1 2 3 5 4 5 4 
1844335076 49
4 2 4 2 6 4 3 1 2 6 4 3 1 2 6 4 3 1 2 6 4 3 1 2 6 4 3 1 2 7 6 3 1 7 6 3 1 7 7 7 7 7 5 5 5 5 5 5 5 
1230221813 14
1 1 3 1 3 1 3 1 3 1 3 3 2 2 
1811356132 18
4 3 4 3 5 4 3 5 2 1 5 2 1 2 1 6 6 6 
2932971587 33
8 2 9 5 8 2 7 9 1 5 4 8 2 7 9 1 5 4 8 2 7 9 1 3 5 4 8 6 2 7 9 1 3 
512773400 8
4 4 1 1 2 2 3 3 
1966594720 27
9 7 9 5 7 1 9 8 4 5 7 1 8 4 5 1 8 4 2 3 2 3 2 3 6 6 6 
124017447 14
2 2 2 2 1 2 1 2 1 2 1 1 1 1 
428108227 6
3 3 1 1 2 2 
1503431237 24
5 2 1 5 2 4 1 5 3 2 4 1 5 3 2 4 1 3 4 3 6 6 6 6 
2396028211 45
2 1 2 5 4 1 6 2 5 4 1 6 2 5 4 1 6 2 3 7 5 4 1 6 2 3 7 5 4 1 6 2 3 7 5 4 1 6 2 3 7 5 4 1 6 
780762850 12
2 3 2 3 2 1 3 2 1 3 1 1 
359722964 5
4 1 5 3 2 
1119058699 42
4 4 3 4 3 4 3 4 3 2 4 3 2 4 3 5 2 3 5 2 5 2 5 2 1 6 5 2 1 6 5 1 6 5 1 6 1 6 1 6 1 6 
773718737 12
4 3 4 1 3 4 1 3 1 2 2 2 
1636405818 19
8 1 8 1 7 8 1 7 8 5 1 7 8 5 1 7 8 5 9 
885444506 12
1 1 2 5 4 2 5 4 3 6 3 6 
878051245 24
2 2 2 3 2 3 2 3 2 3 2 3 2 3 3 3 1 1 1 1 1 1 1 1 
1654690113 15
3 2 3 2 5 3 2 5 3 2 1 5 3 2 1 
1166800568 15
1 2 3 1 2 3 5 1 2 3 5 4 5 4 4 
572736780 10
6 8 2 4 3 10 1 9 5 7 
2409591139 72
1 1 8 7 1 8 4 7 1 3 8 4 7 1 3 8 4 7 1 3 8 5 4 7 1 2 3 8 5 4 7 1 2 3 6 8 5 4 7 1 2 3 6 8 5 4 7 2 3 6 8 5 4 7 2 3 6 5 4 2 3 6 5 2 6 5 2 6 5 2 6 6 
976775823 8
5 2 1 8 6 3 7 4 
793491842 12
3 2 3 2 3 2 1 1 1 4 4 4 
339211130 3
5 2 3 
1297975050 12
2 4 2 4 2 1 4 1 3 1 3 3 
2666255026 28
8 4 3 6 9 8 4 3 6 9 8 10 4 3 6 9 8 10 4 3 6 9 8 10 5 4 3 6 
1003850449 16
1 1 4 1 4 1 4 2 3 4 2 3 2 3 2 3 
358998206 6
2 1 2 1 3 3 
198395588 24
1 1 1 3 1 3 1 3 1 3 3 2 3 2 4 2 4 2 4 2 4 2 4 4 
439725992 8
4 1 4 3 1 3 2 2 
690463674 9
2 1 2 1 2 1 3 3 3 
450796488 7
4 5 6 2 1 7 3 
1952127615 32
3 3 8 5 1 3 2 8 5 1 3 2 8 5 1 2 6 8 5 4 1 7 2 6 4 7 6 4 7 6 4 7 
378288674 5
5 1 2 4 3 
868835564 12
1 1 3 3 2 2 4 6 5 4 6 5 
90480797 8
1 1 1 1 1 1 1 1 
432750256 6
4 6 1 2 3 5 
1985528140 25
2 1 2 4 1 2 4 5 1 2 4 5 1 2 4 5 1 4 5 5 3 3 3 3 3 
2051485028 26
3 6 5 3 6 5 10 3 7 6 5 4 10 3 7 6 5 4 1 10 3 7 6 5 4 1 
684558304 15
1 4 1 4 1 4 5 3 5 3 5 3 2 2 2 
392677678 18
1 1 2 1 2 1 2 1 2 1 2 1 2 1 2 1 2 2 
529262771 20
4 4 1 4 1 4 1 3 2 4 1 3 2 1 3 2 3 2 3 2 
1894610186 65
8 5 8 2 1 5 9 8 2 1 5 9 8 2 1 5 9 7 8 2 6 1 5 9 7 8 2 6 1 5 3 9 7 8 2 6 1 5 3 4 9 7 8 2 6 1 5 3 4 9 7 8 2 6 1 5 3 4 9 7 8 2 6 1 5 
86936650 1
1 
1146354 1
1 
2711243221 48
8 1 8 6 1 2 8 7 4 6 3 1 2 8 7 5 4 6 3 1 2 8 7 5 4 6 3 1 2 8 7 5 4 6 3 1 2 7 5 4 6 3 2 7 5 4 3 5 
1365471269 28
5 6 1 5 6 2 1 5 6 2 7 1 5 6 2 7 1 2 7 7 4 4 4 4 3 3 3 3 
2375099365 65
9 8 5 9 8 3 5 9 2 1 8 3 4 5 9 2 1 8 3 6 4 5 9 2 1 8 3 6 4 5 9 2 7 1 8 3 6 4 5 9 2 7 1 8 3 6 4 5 9 2 7 1 8 3 6 4 5 9 2 7 1 8 3 6 4 
655171328 18
3 3 3 1 3 1 3 1 3 2 1 2 1 2 1 2 2 2 
961488938 40
5 1 3 5 1 4 3 5 1 8 4 3 6 5 1 8 4 3 6 5 1 8 4 3 6 8 4 6 8 6 2 7 2 7 2 7 2 7 2 7 
1832943514 28
4 4 5 3 4 6 5 3 4 6 5 3 4 6 5 3 4 6 5 2 3 4 6 5 2 3 4 6 
1047132421 9
4 3 7 9 5 8 1 2 6 
497312927 12
2 1 2 1 2 1 2 1 3 3 3 3 
1260140479 14
1 2 6 1 2 6 4 3 4 3 7 7 5 5 
2819472171 26
3 5 4 2 6 3 5 4 2 1 6 3 5 4 2 1 6 3 5 4 2 1 6 3 5 4 
458903280 3
1 1 1 
221673959 2
1 1 
794724283 12
2 2 2 2 2 2 2 2 1 1 1 1 
421565097 4
3 2 1 4 
984027285 20
3 3 2 1 3 2 1 3 2 1 5 2 1 5 5 5 4 4 4 4 
61996477 3
1 1 1 
247083241 1
8 
3275776443 54
9 6 2 9 6 5 2 9 6 5 8 2 9 6 5 8 2 9 6 5 8 2 9 6 5 7 8 2 5 7 8 1 7 8 1 7 1 4 7 1 4 7 3 1 4 3 1 4 3 4 3 4 3 3 
547986248 8
3 1 2 7 6 4 8 5 
1729854256 36
5 5 5 3 8 4 9 2 5 3 8 4 9 2 3 8 4 9 2 3 8 7 4 9 2 7 7 7 6 6 1 6 1 6 1 1 
129802746 5
1 1 1 1 1 
1251059942 9
7 5 2 3 7 5 2 3 7 
538839484 2
4 5 
129491349 4
1 1 1 1 
352518061 5
3 2 4 5 1 
255878900 5
1 1 2 1 2 
336065659 7
6 4 5 7 1 3 2 
686340130 28
2 2 2 2 4 1 2 4 1 2 4 1 2 3 4 1 3 4 1 3 4 1 3 4 1 3 3 3 
1766835651 27
5 4 3 7 5 2 4 3 7 5 2 4 3 7 5 2 4 3 7 5 2 4 3 7 5 2 4 
1356258440 56
5 2 5 2 7 5 1 2 7 5 1 2 7 5 1 2 7 5 4 1 2 7 5 4 1 2 7 5 4 1 2 7 4 1 6 7 4 1 6 4 6 4 6 4 6 3 6 3 6 3 6 3 3 3 3 3 
369048774 4
1 1 2 2 
2459815760 23
1 5 2 1 5 3 2 1 5 3 2 1 7 5 6 3 2 1 7 5 4 6 3 
752381776 18
2 2 2 1 2 1 2 1 2 1 2 1 1 1 3 3 3 3 
1103746171 24
4 5 4 3 1 5 4 6 3 1 5 4 6 3 1 5 6 3 1 6 2 2 2 2 
1647388735 30
3 1 8 3 6 1 8 3 6 1 8 3 2 6 1 8 3 2 10 6 1 8 3 2 10 7 6 1 8 2 
2118112566 33
6 6 3 6 2 10 3 4 6 2 10 5 3 4 6 2 1 10 5 3 4 6 8 2 1 10 7 5 3 4 9 6 8 
993559906 18
6 6 6 3 5 3 5 3 5 1 4 1 4 1 4 2 2 2 
1402753034 25
2 2 4 2 5 4 2 3 1 5 4 2 3 1 5 4 3 1 5 4 3 1 5 3 1 
487740989 30
1 1 1 1 2 1 2 1 2 1 2 1 2 3 1 2 3 1 2 3 2 3 2 3 2 3 3 3 3 3 
598452731 24
3 1 3 1 3 2 1 3 2 1 3 2 1 3 2 1 3 2 1 3 2 1 2 2 
363105994 12
2 4 2 1 4 2 1 4 2 1 4 2 
2482764328 48
5 5 7 2 5 7 4 2 5 7 6 4 2 3 5 1 7 6 4 2 3 5 1 7 6 8 4 2 3 1 7 6 8 4 2 3 1 6 8 4 3 1 6 8 3 1 8 8 
1077504649 24
8 8 7 8 7 2 1 6 7 2 1 6 2 1 6 9 5 9 5 9 5 4 4 3 
804268496 10
3 3 4 2 4 5 2 5 1 1 
1713065515 36
5 5 4 3 5 2 1 4 3 5 2 6 1 4 3 5 2 6 1 4 3 5 2 6 1 4 3 2 6 1 4 3 2 6 1 6 
228048376 14
2 2 2 2 2 2 2 1 1 1 1 1 1 1 
496222914 6
1 2 1 2 4 5 
51293736 10
1 1 1 1 1 1 1 1 1 1 
571799217 10
2 2 2 2 1 2 1 1 1 1 
1534991484 35
3 3 8 5 3 8 5 3 7 8 5 3 2 4 7 8 5 3 2 4 7 8 5 3 2 4 7 8 5 2 4 7 6 8 5 
1877926948 24
4 3 4 3 4 2 3 4 2 3 4 2 3 4 2 3 2 1 2 1 1 1 1 1 
441932077 6
3 3 1 1 2 2 
301849392 2
1 1 
843140751 18
4 3 4 5 3 4 5 3 5 1 1 1 2 6 2 6 2 6 
403625715 12
2 1 2 1 2 1 2 1 2 1 2 3 
1092101993 15
3 3 5 3 5 5 2 4 2 4 2 4 1 1 1 
1101299849 16
3 3 4 3 4 3 4 4 1 2 1 2 1 2 1 2 
472856 6
1 1 1 1 1 1 
230378211 3
1 2 3 
1495411657 24
5 8 3 5 8 3 5 8 3 7 7 1 2 4 7 6 1 2 4 6 1 2 4 6 
1021290502 12
4 6 3 4 6 1 3 1 2 2 5 5 
28884733 6
1 1 1 1 1 1 
7685048 10
1 1 1 1 1 1 1 1 1 1 
304282957 4
1 1 1 1 
430787443 5
5 1 4 2 3 
859996621 30
3 3 3 5 3 5 3 1 5 4 3 1 5 4 1 5 4 2 1 5 4 2 1 4 2 1 4 2 2 2 
1478818319 60
10 2 8 10 2 8 1 10 2 8 1 10 2 8 1 6 10 2 8 1 6 10 2 8 1 6 3 5 9 1 6 4 3 5 9 6 4 3 5 9 6 4 3 5 9 4 3 5 7 9 4 3 5 7 9 4 7 7 7 7 
885751944 20
2 2 2 5 2 5 5 1 3 5 1 3 1 3 1 3 4 4 4 4 
2793919254 76
7 1 7 4 9 1 7 4 6 9 2 1 7 4 6 5 3 9 2 1 7 4 6 5 3 9 2 1 7 4 6 5 3 8 9 2 1 7 10 4 6 5 3 8 9 2 1 7 10 4 6 5 3 8 9 2 1 7 10 4 6 5 3 8 9 2 1 10 4 6 5 3 8 9 2 10 
707741384 30
3 3 2 3 2 3 1 2 3 1 2 3 1 2 3 1 2 3 1 2 3 1 2 3 1 2 1 2 1 1 
953814800 56
2 6 1 2 6 1 2 6 3 1 2 6 3 1 2 5 6 3 1 2 5 4 6 3 1 2 5 4 6 3 7 1 2 5 4 6 3 7 1 5 4 3 7 5 4 3 7 5 4 7 5 4 7 4 7 7 
2262871063 42
8 8 7 8 5 7 6 8 5 1 7 6 8 5 1 4 7 6 8 5 1 4 7 6 8 5 1 4 7 6 2 8 5 1 4 7 6 2 8 5 1 4 
252765344 5
1 1 1 1 1 
379946089 12
2 1 2 1 2 1 2 1 2 1 2 1 
489719474 12
3 3 3 2 2 2 4 4 4 1 1 1 
188476083 2
4 1 
2938673018 71
5 3 5 9 8 3 5 9 8 3 5 9 8 3 1 5 2 9 8 3 7 1 5 2 9 8 3 7 1 5 2 9 8 3 7 1 5 2 9 8 3 7 1 5 2 9 8 3 7 1 6 2 9 8 7 1 6 10 4 2 7 1 6 10 4 2 7 1 6 10 4 
2445746967 48
5 3 7 5 3 7 5 3 8 7 5 3 1 8 2 7 5 3 1 8 2 7 5 3 1 8 2 7 1 8 2 1 8 2 1 2 6 6 6 6 6 6 4 4 4 4 4 4 
917668072 7
7 1 5 2 3 6 4 
3698129483 40
2 6 3 2 8 5 6 3 2 8 1 5 6 4 3 2 8 1 5 6 4 3 2 8 1 5 6 4 3 8 1 5 4 1 4 7 7 7 7 7 
403840691 16
3 4 3 4 3 1 4 3 1 4 1 1 2 2 2 2 
489650389 7
5 3 4 2 7 1 6 
127863507 2
2 1 
1252368413 43
1 1 1 3 1 3 4 1 3 4 1 3 4 5 1 3 4 5 2 1 3 4 5 2 1 3 4 5 2 1 3 4 5 2 3 4 5 2 3 4 5 2 4 
1423431712 20
3 2 3 2 1 3 2 1 3 2 1 3 2 1 4 1 4 4 4 4 
1156138925 9
5 4 7 3 8 9 6 2 1 
1613001475 60
2 6 2 6 2 6 1 2 6 1 2 5 6 1 2 3 5 6 1 2 3 5 6 1 2 4 3 5 6 1 2 4 3 5 6 1 2 4 3 5 6 1 4 3 5 1 4 3 5 1 4 3 5 4 3 5 4 3 4 4 
1341705749 23
1 1 1 2 1 2 3 1 2 4 3 1 2 4 3 1 2 4 3 1 2 4 3 
1078568235 72
1 1 3 7 1 2 3 7 6 1 2 3 7 6 1 2 3 7 6 1 2 3 5 7 6 1 2 3 5 7 6 1 2 3 5 7 6 1 2 3 5 7 6 4 2 3 5 7 6 4 2 5 6 4 8 5 4 8 5 4 8 5 4 8 4 8 4 8 4 8 8 8 
273847712 8
1 2 1 2 1 2 1 2 
711874589 18
5 1 5 1 5 1 4 4 6 4 6 6 3 3 3 2 2 2 
1982195571 70
3 3 1 4 3 1 5 6 4 3 1 5 6 4 3 1 5 6 4 3 1 5 7 6 4 3 1 5 7 6 4 3 1 5 7 6 4 3 1 5 2 7 6 4 3 1 5 2 7 6 4 1 5 2 7 6 4 5 2 7 6 2 7 2 7 2 7 2 2 2 
720554938 18
3 1 3 1 3 1 3 1 3 1 3 1 2 2 2 2 2 2 
1874545625 45
3 9 3 7 9 3 10 7 9 1 5 3 10 7 9 1 5 6 3 10 7 9 1 5 2 6 3 10 7 9 1 5 2 6 8 10 4 7 1 5 2 6 8 10 4 
229509698 9
1 1 1 1 1 1 1 1 1 
1126812949 18
2 2 7 4 7 4 1 5 3 9 6 1 8 5 3 9 6 8 
592577039 12
2 2 2 1 1 1 4 4 4 3 3 3 
315782444 3
2 1 3 
89566957 2
2 2 
677082216 4
2 4 1 3 
1356939177 16
4 5 4 5 4 5 2 9 4 5 2 9 6 4 5 1 
3813866469 44
3 2 7 1 4 3 2 7 6 1 4 3 2 7 6 1 4 3 2 7 6 1 4 5 8 3 2 9 7 6 1 4 5 8 3 2 9 7 6 1 4 5 8 3 
1250182892 44
4 5 4 3 6 5 4 3 6 5 2 4 3 6 5 8 2 4 3 6 5 8 2 4 3 9 6 5 8 2 4 3 9 6 5 8 2 4 3 9 6 5 8 2 
3217685144 64
6 1 6 4 1 6 9 7 4 1 6 9 7 2 4 1 6 10 9 5 7 2 4 1 6 10 9 5 3 7 2 4 1 6 10 9 5 3 7 2 4 1 6 10 9 5 3 7 2 4 1 6 10 9 5 3 7 2 4 1 6 10 9 5 
122638973 6
1 1 1 2 2 2 
1381977559 18
3 8 5 7 1 3 8 5 7 1 2 4 2 4 6 9 6 9 
1785052280 55
9 5 3 9 2 5 3 9 2 8 1 5 3 9 2 8 1 5 3 9 2 7 8 1 5 3 9 2 7 8 1 5 3 9 2 7 8 1 5 4 3 9 2 7 8 1 5 4 3 9 2 7 8 1 5 
2542999284 70
4 3 4 3 4 5 3 7 2 4 5 3 7 2 4 5 3 7 1 2 4 5 3 7 1 2 4 5 6 3 7 1 2 4 5 6 3 7 1 2 4 5 6 3 7 1 2 4 5 6 3 7 1 2 5 6 7 1 2 5 6 7 1 2 6 1 6 1 6 6 
673384689 4
4 3 2 1 
2217252105 63
3 3 8 3 8 3 7 8 3 7 5 4 8 9 3 7 1 6 5 4 8 9 3 7 1 6 5 4 8 2 9 7 1 6 5 4 8 2 9 7 1 6 5 4 2 9 7 1 6 5 4 2 9 1 6 5 4 2 9 1 6 2 2 
716992224 28
1 3 1 2 3 1 2 3 1 2 3 1 2 3 1 2 3 4 1 2 3 4 2 4 4 4 4 4 
1245211121 24
6 5 6 5 6 2 4 1 5 6 2 4 1 5 2 4 3 1 2 4 3 1 3 3 
1967935429 25
6 6 8 7 6 9 1 8 2 7 6 10 4 9 1 8 3 2 7 6 10 4 9 1 8 
861693367 32
2 1 2 1 2 1 4 2 1 4 3 2 1 4 3 2 1 4 3 2 1 4 3 2 1 4 3 4 3 4 3 3 
972028023 42
3 3 3 3 3 4 3 2 4 2 6 4 2 6 4 7 2 6 4 7 5 1 2 6 4 7 5 1 2 6 7 5 1 6 7 5 1 7 5 1 5 1 
1190102175 18
4 5 4 5 7 7 8 3 8 3 9 2 9 1 2 1 6 6 
1297129891 12
3 1 3 1 6 2 6 4 2 4 5 5 
2626331206 50
1 4 7 1 4 7 3 1 4 7 3 1 4 9 2 7 3 1 4 6 9 2 5 7 10 3 6 9 2 5 10 3 6 9 2 5 10 8 6 9 2 5 10 8 6 5 10 8 8 8 
1472994513 18
2 4 5 2 4 1 5 2 4 1 5 1 3 3 3 6 6 6 
875486091 14
6 5 6 5 6 5 2 3 4 2 3 4 2 3 
1152157525 21
3 7 2 3 6 5 7 2 3 6 5 7 2 6 5 4 4 4 1 1 1 
1013075380 7
1 1 3 1 4 3 1 
805173608 5
10 10 10 5 8 
1314474401 13
1 1 4 6 1 4 6 3 5 1 4 6 7 
725453605 28
3 3 3 3 4 3 4 3 4 3 4 4 1 4 1 4 1 1 1 2 1 2 1 2 2 2 2 2 
1275139299 35
2 7 2 5 1 7 2 4 5 1 7 2 4 5 1 3 7 2 4 5 1 3 7 4 5 1 3 6 4 3 6 3 6 6 6 
795383558 15
3 5 4 3 5 4 3 5 4 2 2 1 2 1 1 
1944720080 21
5 1 2 5 1 2 7 5 4 1 2 7 3 4 7 3 4 6 3 6 6 
877616482 12
5 5 4 2 4 2 6 3 1 6 3 1 
591302443 6
1 1 1 1 1 1 
665886285 14
2 2 2 1 2 1 2 1 2 1 2 1 1 1 
129466152 3
1 1 1 
892883942 20
3 3 3 5 3 5 4 5 2 4 5 2 4 1 2 4 1 2 1 1 
946208990 53
7 5 7 5 7 2 4 5 7 2 4 5 7 2 4 1 5 7 6 2 4 1 5 7 6 2 4 1 5 7 3 6 2 4 1 5 7 3 6 2 4 1 5 3 6 2 4 1 3 6 2 4 1 
788163092 15
3 3 1 3 1 3 1 3 1 1 2 2 2 2 2 
681507828 16
3 1 3 1 2 3 4 1 2 3 4 1 2 4 2 4 
1657090631 35
7 6 7 6 7 6 3 4 7 6 3 4 7 6 3 4 5 3 4 5 3 4 5 1 5 2 1 5 2 1 2 1 2 1 2 
1257946289 14
4 3 7 4 8 3 7 5 4 8 3 6 7 5 
170713573 1
8 
930811257 9
2 8 9 3 7 5 6 1 4 
803835022 30
5 5 5 4 1 2 5 4 1 2 5 4 1 2 3 4 1 2 3 4 1 2 3 3 3 6 6 6 6 6 
699522505 16
1 4 1 4 1 4 1 4 3 3 3 3 2 2 2 2 
433844188 3
7 5 10 
3016117414 30
8 9 6 8 9 5 6 2 8 9 3 5 6 2 4 3 5 7 2 4 3 7 10 4 7 10 1 10 1 1 
364459697 4
4 1 3 2 
591859893 6
3 2 3 2 1 1 
2801505749 79
9 9 7 5 2 9 7 5 2 9 3 7 5 1 2 9 3 7 5 1 6 2 9 3 7 5 1 6 2 9 3 7 5 1 6 2 9 3 7 5 1 6 2 9 3 7 8 5 1 10 6 2 9 3 7 8 5 4 1 10 6 2 3 7 8 5 4 1 10 6 2 3 8 4 1 10 6 3 8 
925497014 18
8 7 9 8 7 9 6 4 6 3 4 3 1 2 1 2 5 5 
1111792341 8
4 2 4 2 3 3 1 1 
1040948721 30
4 4 5 3 4 5 3 4 5 3 2 4 5 3 2 4 5 3 2 5 3 2 2 1 2 1 1 1 1 1 
753005337 40
3 3 3 4 3 4 3 4 2 3 4 2 3 1 4 2 3 1 4 2 3 1 4 2 3 1 4 2 1 4 2 1 4 2 1 2 1 2 1 1 
320279181 24
1 1 1 1 1 1 3 1 3 2 1 3 2 3 2 3 2 3 2 3 2 3 2 2 
27351636 5
1 1 1 1 1 
3440063014 62
3 4 2 3 6 4 8 2 3 6 4 8 7 2 3 6 4 8 7 1 2 3 6 4 8 7 1 2 3 6 4 8 7 9 1 2 5 3 6 4 8 7 9 1 2 5 3 6 4 8 7 9 1 2 5 3 6 4 8 7 9 1 
1490160558 16
1 3 4 1 3 4 1 3 2 4 1 3 2 4 1 3 
1541148718 70
1 5 7 1 5 7 1 5 7 1 8 4 5 7 3 1 8 4 6 5 7 3 1 8 4 6 5 7 3 1 8 4 6 5 7 3 1 8 4 6 5 7 3 1 8 4 6 5 7 3 8 4 6 2 3 8 4 6 2 3 8 4 6 2 3 6 2 2 2 2 
438201576 5
1 1 1 1 1 
1282620169 16
4 8 6 3 4 8 6 2 1 3 4 8 6 5 2 1 
2138807675 31
2 2 4 5 2 4 5 6 3 2 4 5 6 3 2 4 5 6 3 2 4 1 5 6 3 2 4 1 5 6 3 
611364934 9
1 1 1 2 2 2 3 3 3 
175979109 5
3 4 2 1 5 
332420191 5
5 1 3 2 4 
499149787 12
2 5 3 2 5 3 4 4 6 6 1 1 
544509348 6
6 1 4 5 3 2 
2070993859 74
3 3 9 3 6 9 5 3 6 9 5 3 1 8 6 9 5 3 1 8 6 9 4 5 3 1 8 6 9 4 5 3 1 8 7 6 9 4 5 3 1 8 7 6 9 4 5 1 2 8 7 6 9 4 5 1 2 8 7 6 4 5 1 2 8 7 4 1 2 8 7 4 2 7 
3167789451 33
5 8 4 5 8 4 3 5 8 6 4 3 5 1 8 6 4 3 5 1 2 8 6 4 3 5 1 2 8 6 4 3 5 
919777648 14
1 1 6 4 8 3 1 6 4 8 3 1 6 4 
82409255 8
2 2 2 2 1 1 1 1 
401962314 20
1 3 1 3 1 3 1 3 1 3 2 2 2 2 2 4 4 4 4 4 
202491740 1
8 
1098994696 12
3 6 3 5 6 5 4 4 2 2 1 1 
1070622484 16
1 1 1 4 1 3 4 3 4 3 4 3 2 2 2 2 
726174410 36
5 1 5 1 5 1 3 5 2 1 4 3 5 2 1 4 3 5 2 1 4 3 2 4 3 2 4 3 2 6 4 6 6 6 6 6 
700475434 7
1 4 6 2 3 5 7 
1288494358 10
3 3 3 2 3 2 1 2 1 6 
2143027823 49
6 4 3 7 6 4 3 7 6 2 4 3 7 6 1 2 4 3 7 6 1 2 4 5 3 7 6 1 2 4 5 3 7 6 1 2 4 5 3 7 1 2 5 1 2 5 1 5 5 
1959948585 68
8 8 8 9 5 8 9 2 5 10 3 8 9 2 5 10 3 8 1 9 2 5 10 3 8 6 1 9 2 5 10 3 8 6 1 9 2 5 10 3 8 6 1 9 2 5 10 3 6 1 4 9 2 5 10 3 6 1 4 9 2 5 10 3 6 1 4 2 
1542048353 20
5 5 9 1 9 1 4 6 4 3 6 2 3 10 2 8 10 8 7 7 
349455735 27
2 2 2 2 4 5 1 2 4 5 1 2 4 5 1 2 4 5 1 4 5 1 4 6 5 1 4 
1634838749 27
4 7 4 7 4 7 3 4 7 5 1 3 4 2 7 5 1 3 4 2 7 5 1 3 4 2 7 
2041608369 40
7 3 5 6 7 4 3 5 6 7 4 3 5 6 7 1 4 8 3 5 6 7 1 4 8 3 5 6 1 4 8 1 8 1 8 2 2 2 2 2 
274870405 2
1 1 
715111702 15
2 2 2 2 2 1 1 3 1 3 1 3 1 3 3 
1746808878 16
9 1 2 4 9 1 2 4 9 1 6 2 4 6 6 3 
518080201 8
1 1 3 4 3 4 2 2 
399321908 24
2 2 6 2 6 5 2 6 4 5 6 4 5 4 5 4 1 1 1 1 3 3 3 3 
903863635 7
2 2 2 2 2 1 2 
458249589 3
2 7 6 
2096795137 24
5 5 2 5 6 1 7 2 6 1 7 2 8 3 6 1 7 4 8 3 4 8 3 4 
2384044508 31
4 6 1 4 6 2 1 4 6 2 1 4 6 2 1 4 6 2 3 1 7 2 3 7 3 7 3 7 3 7 5 
2554040912 70
4 2 4 6 9 2 1 4 3 6 9 2 1 4 3 6 7 9 2 10 1 4 3 6 7 9 2 10 1 4 3 6 7 9 2 10 1 4 3 6 7 9 2 10 1 5 3 6 7 9 10 1 5 3 7 10 5 7 8 10 5 8 5 8 5 8 5 8 8 8 
291807514 7
1 1 1 1 1 1 1 
436507767 18
2 2 2 2 2 1 2 1 1 1 3 1 3 1 3 3 3 3 
1436825079 18
1 1 8 9 8 2 4 9 2 4 7 6 7 6 3 3 5 5 
1026693595 15
1 3 1 3 1 3 1 3 1 3 2 2 2 2 2 
2084659158 30
9 9 10 8 9 10 8 2 6 10 8 2 6 7 2 6 7 4 7 5 4 5 4 1 3 5 1 3 1 3 
711886533 15
1 1 3 2 1 3 2 4 5 3 2 4 5 4 5 
2574237112 80
10 5 10 5 10 2 5 6 10 7 2 5 6 10 7 2 5 8 6 9 10 7 2 5 8 6 9 10 7 2 4 5 8 3 6 9 1 10 7 2 4 5 8 3 6 9 1 10 7 2 4 5 8 3 6 9 1 7 2 4 8 3 6 9 1 7 2 4 8 3 6 9 1 7 4 8 3 9 1 4 
784642781 19
3 2 3 2 3 4 2 3 4 2 3 4 2 3 4 2 3 1 4 
2168641530 70
1 2 8 1 2 8 1 2 9 4 8 5 1 2 9 6 4 8 5 1 2 9 6 4 8 5 1 2 9 6 10 7 4 8 5 1 2 9 6 10 7 4 8 5 9 6 10 7 4 5 9 6 10 7 4 5 6 10 7 3 10 7 3 10 7 3 3 3 3 3 
1134236548 28
3 3 3 2 3 2 5 7 2 1 5 7 2 1 5 7 1 5 6 7 1 6 4 6 4 6 4 4 
2563133454 23
5 6 2 5 6 2 3 4 5 7 6 2 3 4 5 7 6 2 3 4 5 7 6 
587226053 18
2 2 3 2 3 2 3 2 3 2 3 3 1 1 1 1 1 1 
2156317633 24
3 6 5 3 6 5 3 6 5 4 1 4 1 7 4 1 7 7 2 2 2 8 8 8 
1073952661 8
3 6 7 4 1 5 8 2 
108254277 1
1 
2416741377 53
5 10 1 5 7 4 10 1 5 7 6 4 10 1 5 7 6 4 2 10 1 9 5 7 6 4 2 10 1 9 3 5 7 6 4 2 10 1 9 3 5 7 6 4 2 10 1 9 3 5 7 6 4 
745254706 18
2 1 2 1 2 1 2 1 2 1 3 2 1 3 3 3 3 3 
2221192030 48
1 2 1 2 4 1 2 4 1 5 2 4 1 5 2 4 1 5 2 4 1 6 5 2 4 3 1 6 5 2 4 3 6 5 4 3 6 5 3 6 5 3 6 3 6 3 6 3 
1435329946 63
1 4 1 4 1 4 1 7 4 1 6 2 3 7 4 1 6 2 3 7 4 1 6 2 3 7 4 1 6 2 3 7 4 1 6 2 3 7 4 6 2 3 7 6 5 2 3 7 6 5 2 3 7 6 5 2 3 5 5 5 5 5 5 
1132529828 16
8 6 8 6 3 4 1 3 4 1 2 7 2 7 5 5 
1789092623 31
6 6 2 1 4 6 2 5 1 4 6 2 5 1 4 6 2 5 1 4 6 2 5 1 4 6 2 5 1 4 6 
1280478163 59
3 3 6 5 3 6 5 2 3 6 5 2 3 6 5 2 3 6 5 2 3 6 4 5 2 3 6 4 5 1 2 3 6 4 5 1 2 3 6 4 5 1 2 6 4 5 1 2 4 1 2 4 1 4 1 4 1 4 1 
523227 1
1 
1802626843 48
6 7 5 6 7 2 5 6 7 2 5 6 4 3 7 2 5 6 4 3 7 8 2 1 5 6 4 3 7 8 2 1 5 4 3 8 2 1 4 3 8 1 4 3 8 1 8 1 
257961381 12
1 6 5 1 6 5 2 4 3 2 4 3 
1373689708 35
5 5 1 5 1 2 4 5 1 2 4 5 1 2 4 5 1 2 3 4 5 1 2 3 4 1 2 3 4 2 3 4 3 3 3 
1271398361 45
3 3 5 3 2 4 5 3 2 4 5 3 2 4 5 1 3 2 4 5 1 3 2 4 5 1 3 2 4 5 1 3 2 4 5 1 2 4 5 1 2 4 1 1 1 
2609768299 39
1 9 3 1 9 3 1 9 4 3 1 9 4 3 6 4 6 4 10 7 6 10 7 6 10 7 2 10 7 2 2 5 2 5 5 8 5 8 8 
1228391826 12
5 5 4 4 1 3 1 6 3 6 2 2 
1557981309 16
3 6 3 4 6 3 4 6 1 3 4 6 1 5 3 4 
723184237 30
1 1 5 1 5 1 5 1 5 1 4 3 5 4 3 5 4 2 3 4 2 3 4 2 3 4 2 3 2 2 
1025328225 15
3 5 3 5 2 3 5 2 2 1 1 1 4 4 4 
1010967988 20
2 1 2 1 2 1 2 1 2 1 2 1 2 1 2 1 2 1 2 1 
1470590274 31
1 4 3 1 2 7 4 3 1 2 7 4 6 3 1 2 7 4 6 3 2 10 7 6 10 6 8 10 8 10 9 
380125013 6
1 1 1 1 1 1 
502910813 7
1 1 1 1 1 1 1 
999666493 32
4 4 3 4 3 1 4 3 1 3 8 1 8 1 7 8 7 6 5 8 7 6 5 7 6 5 6 5 2 2 2 2 
921312632 15
1 3 1 6 4 3 1 6 4 5 3 1 6 4 5 
909328710 12
1 1 2 1 2 1 2 1 2 1 2 2 
1033882374 30
5 5 5 1 5 4 1 5 4 1 4 1 4 1 4 3 6 3 6 2 3 6 2 3 6 2 3 6 2 2 
2452633879 24
7 3 7 2 3 7 2 6 1 3 7 2 6 1 3 7 2 6 1 3 8 2 6 4 
126307981 9
1 1 1 1 1 1 1 1 1 
95983263 6
1 1 1 2 2 2 
636201229 20
4 3 4 3 4 3 2 4 3 2 4 3 2 2 2 1 1 1 1 1 
1553214542 27
2 5 2 5 2 5 1 2 4 5 1 3 2 4 5 1 3 6 2 4 5 1 3 6 2 4 5 
353666017 3
1 2 3 
756949555 20
5 5 5 3 5 1 3 1 3 4 1 3 4 1 4 4 2 2 2 2 
705899633 20
1 1 1 2 1 2 1 2 1 2 1 2 1 2 1 2 1 2 2 2 
3224168061 60
3 1 9 10 3 1 5 9 8 10 3 1 5 9 8 10 3 1 5 9 8 10 3 1 5 9 4 8 10 3 1 5 9 7 4 8 10 5 7 4 8 6 7 4 6 7 4 2 6 7 4 2 6 7 2 6 2 6 2 2 
549405207 6
3 2 4 5 1 6 
1466998044 10
3 5 1 3 5 1 3 2 5 6 
1121218164 35
3 3 2 4 3 2 4 6 3 2 4 5 1 6 3 2 4 5 1 6 2 4 5 1 6 5 1 6 5 1 7 7 7 7 7 
293534229 1
6 
627942685 8
4 3 4 3 2 1 2 1 
1342989504 27
3 2 3 2 3 2 3 2 3 2 3 2 1 3 2 1 3 2 1 3 2 1 1 1 1 1 1 
864862999 14
1 2 1 2 1 2 1 2 1 2 1 2 1 2 
685752891 5
1 1 1 1 1 
1497167878 11
6 7 6 2 7 1 6 2 7 1 2 
432889373 18
2 3 2 3 2 3 2 3 2 3 2 3 1 1 1 1 1 1 
854515975 25
2 3 2 3 2 5 3 2 5 1 3 2 5 1 3 5 1 5 1 1 4 4 4 4 4 
316744605 3
2 1 3 
399293775 10
5 2 5 1 2 1 3 4 3 4 
2130441249 24
2 1 2 3 1 2 3 1 2 3 1 2 3 1 2 3 1 2 3 1 2 3 1 3 
1192980266 6
10 6 8 3 1 10 
1198996996 20
2 5 2 5 2 1 5 2 1 5 1 1 3 3 3 4 3 4 4 4 
436299782 15
5 5 1 5 1 1 4 4 3 4 3 3 2 2 2 
920947889 27
1 1 3 1 3 1 2 3 1 2 3 1 2 3 1 2 3 1 2 3 1 2 3 2 3 2 2 
944079646 24
3 3 2 3 1 2 3 1 2 3 1 2 3 1 2 3 1 2 3 1 2 1 2 1 
1855194587 16
3 3 4 5 3 4 5 3 6 4 5 8 3 6 9 4 
1555558402 20
1 1 2 1 2 3 1 2 3 1 2 3 2 4 3 4 3 4 4 4 
1105443988 50
3 2 3 2 3 5 2 3 5 2 4 3 5 2 4 3 5 2 4 3 5 2 4 3 5 2 4 3 5 2 4 1 3 5 2 4 1 5 4 1 5 4 1 4 1 1 1 1 1 1 
1217146882 46
4 5 3 4 5 3 4 6 9 1 5 3 4 6 9 1 5 3 4 6 9 1 5 3 4 7 6 9 1 5 3 4 7 6 2 9 1 8 5 3 7 6 2 9 1 8 
245969090 1
1 
299144317 9
1 1 2 3 1 2 3 2 3 
1340523688 56
5 1 4 5 1 4 5 1 4 5 1 4 5 1 4 5 1 4 7 5 2 6 1 4 7 5 2 6 1 4 7 2 6 7 2 6 7 2 6 7 3 2 6 7 3 2 6 7 3 2 6 3 3 3 3 3 
443196926 6
1 1 1 2 2 2 
758360258 8
2 2 2 1 2 1 1 1 
797301251 24
5 5 7 2 4 5 7 2 4 6 1 7 2 4 6 9 1 6 3 9 1 3 9 3 
799892120 9
2 6 1 7 8 9 4 5 3 
1497681094 14
1 2 1 2 1 2 1 2 1 2 1 2 1 2 
111686926 5
1 1 1 1 1 
1765065097 70
6 1 5 6 1 5 6 1 5 6 7 1 2 5 6 7 1 2 5 6 3 7 1 2 4 5 6 3 7 1 2 4 5 6 3 7 1 2 4 5 6 3 7 1 2 4 5 6 3 7 1 2 4 5 3 7 2 4 3 7 2 4 3 7 2 4 3 4 3 4 
1272207561 32
3 4 3 4 3 4 1 3 4 1 3 4 1 3 4 1 3 4 1 3 4 1 1 1 2 2 2 2 2 2 2 2 
1193154917 18
9 8 9 4 8 1 4 3 1 2 3 5 7 2 6 5 7 6 
2285900990 63
1 6 2 1 6 2 1 3 6 2 1 3 6 2 1 5 3 6 2 1 5 3 6 2 1 5 3 6 2 1 5 3 6 2 1 5 3 6 2 4 7 5 3 4 7 5 3 4 7 5 4 7 5 4 7 4 7 4 7 4 7 4 7 
863788783 16
5 5 1 6 4 3 1 6 8 4 3 8 7 7 2 2 
1400349763 13
8 8 1 8 1 8 4 1 3 4 1 7 3 
1389959281 9
5 5 2 5 2 6 5 2 4 
2480403553 81
7 7 6 9 7 6 9 7 6 5 9 7 6 5 9 2 7 3 1 6 5 9 2 7 3 1 6 5 9 2 7 3 1 6 5 9 2 7 3 1 4 6 5 9 2 3 1 4 6 5 9 2 3 1 4 5 2 3 1 4 5 2 3 1 4 2 3 1 4 4 4 4 8 8 8 8 8 8 8 8 8 
1799720386 32
7 4 7 4 6 7 4 6 2 7 4 6 2 6 8 2 1 8 2 1 8 1 3 8 1 3 3 3 5 5 5 5 
161036742 18
2 1 2 1 2 1 2 1 2 1 2 1 2 1 2 1 2 1 
661288873 20
1 2 1 2 1 2 1 2 1 2 1 2 1 2 1 2 1 2 1 2 
292675833 30
3 2 3 2 3 2 3 2 3 2 3 1 2 3 1 2 3 1 2 3 1 2 3 1 2 1 1 1 1 1 
668475019 16
1 1 1 1 1 1 1 1 2 2 2 2 2 2 2 2 
794504542 20
3 3 4 3 4 3 4 3 1 4 2 1 4 2 1 2 1 2 1 2 
226393432 3
1 3 2 
748827025 16
1 1 1 1 1 1 2 1 2 1 2 2 2 2 2 2 
1193168662 24
1 5 8 1 3 5 8 1 3 5 8 4 3 4 7 2 4 7 2 6 7 2 6 6 
925356845 5
1 4 5 3 2 
851604995 16
3 3 3 3 4 4 2 4 2 4 1 2 1 2 1 1 
2341654458 96
10 4 10 8 3 4 10 8 7 3 1 4 10 8 7 3 1 4 10 8 7 3 1 5 4 10 8 7 3 1 6 5 2 4 10 8 7 3 1 6 5 2 9 4 10 8 7 3 1 6 5 2 9 4 10 8 7 3 1 6 5 2 9 4 10 8 7 3 1 6 5 2 9 4 8 7 3 1 6 5 2 9 7 1 6 5 2 9 6 5 2 9 6 5 2 9 
605345578 8
3 8 6 1 4 2 5 7 
64380345 21
2 3 2 3 2 3 2 3 2 3 2 3 2 3 1 1 1 1 1 1 1 
3654741409 71
7 5 4 2 7 3 5 6 4 2 7 3 8 5 1 6 4 2 7 3 8 5 1 6 4 2 7 3 8 5 1 6 4 2 7 3 8 5 1 6 4 2 7 3 8 5 1 6 4 2 7 3 8 5 1 6 4 2 7 3 8 5 1 6 4 2 3 8 1 6 8 
276908358 8
2 2 2 2 1 1 1 1 
83051682 7
1 1 1 1 1 1 1 
389824627 9
1 3 1 3 1 3 2 2 2 
1736420204 18
8 7 5 8 7 5 2 9 6 2 9 6 3 3 1 1 4 4 
543521779 4
3 9 3 8 
371128607 12
5 4 3 2 5 4 3 2 1 1 6 6 
2304767660 40
5 5 2 7 5 2 7 6 5 2 3 7 6 5 8 2 3 7 6 8 2 3 7 6 8 3 6 8 4 3 1 8 4 1 4 1 4 1 4 1 
869353256 18
9 7 9 7 4 4 1 1 3 3 5 8 5 8 2 6 2 6 
1814780422 32
2 4 2 3 4 2 3 4 1 2 3 4 1 2 3 4 1 2 3 4 1 2 3 4 1 2 3 4 1 3 1 1 
797010835 54
3 9 3 9 3 9 1 3 9 8 1 3 9 8 1 3 9 6 8 1 2 6 8 1 2 6 8 7 1 2 6 8 7 2 5 6 7 2 5 4 6 7 2 5 4 7 5 4 7 5 4 5 4 4 
1672859379 42
1 1 6 4 1 6 4 3 1 5 6 4 3 1 5 6 4 3 1 5 6 2 4 3 1 5 6 2 4 3 5 6 2 4 3 5 2 3 5 2 2 2 
707992288 7
4 2 1 6 3 7 5 
212348522 9
1 1 1 1 1 1 1 1 1 
142373810 3
1 3 2 
557078618 7
5 7 2 4 3 1 6 
1514837937 30
10 10 7 9 10 7 6 9 7 6 3 8 9 6 3 8 4 3 8 4 4 5 5 5 1 1 1 2 2 2 
883540569 9
3 3 1 3 1 1 2 2 2 
2026831517 45
7 7 7 5 7 8 4 3 10 5 7 8 4 6 3 10 5 8 4 6 3 10 5 8 4 6 3 10 1 5 8 4 6 3 10 9 1 6 2 9 1 2 9 1 2 
1257811260 53
7 8 2 7 8 4 2 7 8 4 2 7 6 8 4 2 7 6 8 4 2 7 6 8 4 2 7 6 8 4 2 7 6 8 1 4 2 6 1 4 6 3 1 9 6 3 1 9 3 1 9 3 1 
145116784 27
2 3 1 2 3 1 2 3 1 2 3 1 2 3 1 2 3 1 2 3 1 2 3 1 2 3 1 
1406605673 20
4 3 5 4 3 5 4 1 3 5 2 4 1 3 5 2 1 2 1 2 
1741098208 16
4 4 7 9 5 6 3 7 1 9 10 5 6 3 1 10 
178641694 1
1 
1116962593 18
9 7 9 7 4 3 2 6 4 1 3 2 6 8 1 8 5 5 
547288952 10
1 4 1 4 3 2 3 2 5 5 
10878497 1
1 
731255264 8
2 3 8 4 5 6 1 7 
1730637192 32
7 9 7 6 9 7 6 8 9 3 7 6 8 9 3 7 6 1 8 9 3 2 6 1 8 3 2 1 8 3 2 5 
697815579 10
1 1 1 1 1 1 1 1 1 1 
1845828644 54
6 6 3 6 3 6 3 6 3 2 6 3 1 2 6 3 1 5 2 6 3 1 5 2 6 3 4 1 5 2 3 4 1 5 2 4 1 5 2 4 1 5 2 4 1 5 2 4 1 5 4 5 4 4 
665687335 9
2 3 2 3 2 3 1 1 1 
1060102982 10
2 2 1 2 1 2 1 2 1 1 
659632500 6
1 1 1 1 1 1 
2200510074 41
3 4 3 4 3 5 4 9 7 3 5 8 4 6 9 7 3 5 8 4 6 9 7 3 5 10 8 4 6 9 7 5 10 8 1 6 9 7 5 10 8 
139485533 2
2 1 
3007723877 79
8 1 8 1 8 6 1 9 7 8 6 1 9 7 8 4 6 1 9 7 8 4 2 6 1 9 3 7 8 4 2 6 1 9 3 7 8 4 2 6 1 9 3 7 8 4 2 6 1 9 5 3 7 8 4 2 6 1 9 5 3 7 4 2 6 9 5 3 7 4 2 6 9 5 3 7 4 2 5 
183133691 8
2 2 2 2 1 1 1 1 
747283735 21
4 2 1 4 2 1 4 2 1 4 2 1 4 3 2 1 4 3 2 1 4 
608250585 7
7 6 4 2 1 3 5 
1658253206 30
3 2 3 2 1 3 2 1 3 2 1 3 2 1 3 2 1 3 2 1 3 2 1 3 2 1 3 2 1 1 
1944749744 90
4 4 4 6 8 5 3 4 1 6 9 8 5 7 3 4 1 6 9 8 5 7 3 4 1 6 9 8 5 7 3 4 1 6 9 8 5 7 3 4 1 6 9 8 5 7 3 4 1 6 9 8 5 7 3 4 1 6 9 8 5 7 3 2 1 6 9 8 5 7 3 2 1 6 9 8 5 7 3 2 1 9 7 2 2 2 2 2 2 2 
2076454123 25
10 8 10 8 7 2 1 10 8 7 2 1 7 2 3 1 5 4 9 3 5 4 9 3 5 
47435972 8
1 1 1 1 1 1 1 1 
2186314863 36
6 7 9 6 7 9 2 6 1 7 9 2 6 1 7 9 2 1 8 2 1 8 8 4 8 4 4 4 3 3 3 3 5 5 5 5 
51538792 7
1 1 1 1 1 1 1 
758122086 10
3 3 1 5 1 5 4 4 2 2 
3065213280 62
4 5 4 5 2 7 4 5 3 2 7 4 8 5 3 2 1 7 4 8 5 3 10 2 1 7 4 8 5 3 10 2 1 7 4 8 5 3 10 2 1 7 8 3 10 2 1 7 8 9 3 10 1 8 9 10 1 9 10 9 9 6 
168165433 4
1 1 1 1 
1439770165 21
2 4 2 4 3 2 4 3 5 3 6 5 1 7 6 5 1 7 6 1 7 
143714074 8
2 2 2 2 1 1 1 1 
423595122 3
1 3 2 
335791810 5
3 6 3 6 3 
1221326887 63
6 6 6 5 1 3 6 5 1 3 2 6 5 4 1 3 2 6 5 4 1 3 2 6 5 4 1 3 2 6 5 4 1 3 2 6 5 4 1 3 2 5 4 1 3 2 5 7 4 1 3 2 7 4 2 7 4 7 7 7 7 7 7 
437150733 15
1 1 2 1 2 1 2 1 2 2 3 3 3 3 3 
92164984 7
1 1 1 1 1 1 1 
536908538 3
1 1 1 
1847678589 24
7 7 7 5 7 5 3 10 8 7 5 3 10 8 9 1 7 5 3 10 8 4 9 1 
611570505 22
6 6 3 1 6 3 5 4 1 6 3 5 4 1 6 3 5 4 1 2 6 3 
2075028298 17
6 7 6 4 7 6 4 7 6 4 7 1 6 4 7 1 6 
2486469408 80
4 8 1 3 4 8 1 5 3 4 8 1 5 3 4 8 1 5 3 4 8 1 2 5 3 4 8 1 6 2 5 3 4 8 1 6 2 5 3 4 8 1 6 2 9 5 3 4 8 1 6 2 9 5 3 6 2 9 5 6 2 9 6 2 9 6 2 9 6 9 7 9 7 9 7 7 7 7 7 7 
2446808981 51
6 4 3 6 4 3 6 7 1 4 3 5 6 7 1 4 3 5 8 6 7 1 4 3 5 8 6 7 1 4 3 5 8 6 7 1 4 3 5 8 6 7 1 4 2 3 5 8 7 1 2 
2356695394 60
1 7 3 10 1 7 5 2 3 10 1 7 9 5 2 3 10 1 7 9 5 2 3 10 1 7 9 5 2 3 10 1 7 9 5 2 3 10 8 9 5 2 4 8 9 6 4 8 6 4 8 6 4 8 6 4 8 6 4 6 
1658547767 36
1 8 6 1 8 6 1 8 6 1 8 6 4 9 3 4 9 2 3 4 9 2 3 4 9 2 3 2 7 7 5 7 5 7 5 5 
2511985045 60
7 5 4 7 5 4 8 7 9 5 4 8 7 9 2 5 4 8 7 9 2 5 4 8 1 7 9 2 5 4 8 1 6 9 2 8 1 6 9 2 1 6 2 1 6 1 6 6 10 10 10 10 10 10 3 3 3 3 3 3 
333789645 9
3 3 3 4 4 4 2 2 2 
1361145359 20
4 3 4 1 3 4 1 3 4 1 3 4 1 2 3 1 2 2 2 2 
1817795242 18
4 7 4 7 3 8 6 3 5 8 6 5 2 9 2 9 1 1 
928551318 23
1 1 1 2 1 2 4 1 2 4 1 3 2 4 1 3 2 4 1 3 2 4 1 
384087550 10
1 1 2 1 2 1 2 1 2 2 
786409112 56
3 3 7 3 7 3 5 6 7 3 5 6 7 4 2 3 5 6 7 4 2 3 5 6 7 4 2 3 5 6 7 4 2 5 6 7 4 2 5 1 6 4 2 5 1 6 4 2 1 4 2 1 1 1 1 1 
583721350 17
6 8 6 8 10 6 8 3 10 6 9 8 3 10 6 9 5 
706462066 6
2 2 2 1 1 1 
468203487 14
7 7 4 4 6 6 2 2 3 5 3 5 1 1 
528885268 48
1 1 1 1 4 1 5 4 1 5 4 1 5 6 4 1 5 6 4 5 6 3 4 5 6 3 4 5 6 3 4 5 6 3 6 3 6 3 3 3 2 2 2 2 2 2 2 2 
363836354 7
1 1 1 1 1 1 1 
255484335 14
2 2 2 2 2 2 2 1 1 1 1 1 1 1 
373859477 12
1 1 1 1 2 2 2 2 3 3 3 3 
1501341989 40
4 4 4 4 4 5 2 3 4 1 5 2 3 4 1 5 2 3 4 1 5 2 3 1 5 2 3 1 5 2 3 1 5 2 3 1 5 2 3 1 
1350374355 24
3 3 6 2 3 6 4 2 5 3 6 4 2 5 6 4 2 5 4 5 1 1 1 1 
430329712 18
1 1 1 1 2 1 2 1 2 1 2 1 2 1 2 2 2 2 
1769575927 18
3 9 3 1 9 7 1 8 4 5 7 2 8 4 5 2 6 6 
1200049074 8
1 6 5 8 4 7 3 2 
570346762 6
2 1 4 6 5 3 
2347507000 34
5 5 6 5 6 2 7 5 9 1 6 2 7 5 9 1 6 4 2 7 5 9 1 6 4 8 2 7 9 1 6 4 8 2 
1933795349 40
3 1 3 1 2 3 1 2 4 3 1 2 4 3 1 2 4 3 1 2 4 3 1 2 4 3 1 2 4 2 4 4 5 5 5 5 5 5 5 5 
134601442 24
3 2 3 2 3 2 3 2 3 1 2 3 1 2 3 1 2 3 1 2 1 1 1 1 
156783410 3
2 3 1 
138236116 16
2 2 2 2 2 1 2 1 2 1 2 1 1 1 1 1 
941336516 12
2 6 4 2 6 4 5 3 5 3 1 1 
1373834305 52
7 3 7 2 4 3 5 7 2 4 3 5 8 9 7 2 4 3 5 8 9 7 2 4 3 5 8 1 9 7 2 4 3 5 8 1 9 7 2 4 3 6 5 8 1 9 7 2 4 3 6 5 
1375112265 47
7 7 7 9 8 7 6 9 8 2 7 6 9 8 5 2 7 6 9 8 5 3 2 7 6 9 8 5 3 2 6 9 8 5 3 2 1 6 9 8 5 3 2 1 6 5 3 
2380597960 30
7 4 7 2 4 7 2 3 8 4 2 3 8 1 3 8 9 1 9 1 9 10 6 10 6 10 6 5 5 5 
2435434798 42
4 2 7 4 2 7 6 4 2 3 7 6 4 2 3 7 6 4 5 2 3 7 6 4 5 2 3 7 6 5 3 6 5 3 5 5 1 1 1 1 1 1 
961998995 9
1 7 9 8 3 2 5 4 6 
802803659 36
3 4 3 4 3 1 4 3 1 4 3 1 4 3 1 4 3 1 4 3 1 4 3 1 4 1 1 2 2 2 2 2 2 2 2 2 
233453944 8
3 3 1 2 1 4 2 4 
495007940 24
1 1 1 3 1 2 3 1 2 3 1 2 3 1 2 3 1 2 3 2 3 2 3 2 
1008125236 14
1 1 6 3 6 3 2 2 7 7 4 4 5 5 
1266857937 14
2 2 7 5 1 7 5 1 6 6 4 4 3 3 
1568795596 30
1 4 1 4 3 1 4 3 1 4 3 1 4 2 3 2 3 2 2 2 5 6 5 6 5 6 5 6 5 6 
2077978941 36
6 1 6 1 6 5 2 1 6 5 2 1 6 4 5 2 9 1 6 4 5 2 7 9 1 6 4 5 2 7 9 1 4 5 2 7 
1315638903 45
5 5 5 5 4 5 4 5 3 4 5 1 3 4 5 1 2 3 4 5 1 2 3 4 1 2 3 4 1 2 3 4 1 2 3 4 1 2 3 1 2 3 1 2 2 
1445982008 15
4 4 5 4 2 5 2 5 2 3 3 3 1 1 1 
1667424331 44
4 4 5 2 4 5 2 4 5 2 3 4 5 6 2 3 4 5 6 2 1 3 4 5 6 2 1 3 4 5 6 2 1 3 4 5 6 2 1 3 5 6 2 1 
567094465 32
4 4 4 4 4 4 2 4 2 1 4 2 1 3 2 1 3 2 1 3 2 1 3 2 1 3 2 1 3 1 3 3 
138104063 9
1 1 1 1 1 1 1 1 1 
16374042 2
1 1 
2367309842 40
10 3 9 8 10 3 9 8 10 3 9 8 10 3 7 4 9 5 8 7 6 4 1 5 7 6 4 1 5 7 6 4 1 5 6 1 2 2 2 2 
642959221 14
7 3 2 7 3 2 4 4 6 6 1 5 1 5 
1380242198 30
4 3 4 3 1 4 3 1 4 3 1 4 3 1 1 5 2 5 2 5 2 5 2 6 5 2 6 6 6 6 
39190285 2
1 1 
765746921 8
2 7 3 1 4 5 8 6 
264361445 12
3 4 3 4 3 4 2 2 2 1 1 1 
1814324789 30
5 3 7 2 5 9 3 4 7 2 5 9 3 4 7 2 1 9 4 1 1 10 8 10 8 10 8 6 6 6 
2556680901 56
3 6 3 5 4 6 3 5 4 1 6 3 5 4 1 6 3 5 4 1 6 3 5 7 4 1 6 3 5 7 4 1 6 3 5 7 4 1 6 5 7 4 1 7 1 7 7 2 7 2 2 2 2 2 2 2 
12792039 6
1 1 1 1 1 1 
956278969 30
2 2 2 1 2 1 2 3 1 2 3 1 2 3 1 2 3 1 2 3 1 2 3 1 3 1 3 1 3 3 
119191334 2
1 1 
3491040948 63
9 2 9 6 2 9 5 6 3 2 1 8 9 5 6 3 2 1 8 9 5 7 6 3 2 1 8 9 5 7 6 3 2 1 8 9 5 7 6 3 2 1 8 5 7 4 6 3 1 8 5 7 4 3 1 8 7 4 7 4 4 4 4 
1318381161 49
1 4 1 4 1 4 2 1 4 2 1 4 2 1 4 2 5 6 9 1 7 4 2 5 6 9 7 2 5 6 9 7 2 5 6 9 7 5 6 9 3 7 5 6 9 3 7 5 6 
33076844 14
2 2 2 1 2 1 2 1 2 1 2 1 1 1 
2055030833 21
8 2 7 8 2 3 7 8 2 4 3 7 1 8 2 4 3 7 1 5 8 
3185794341 89
6 4 1 6 4 7 1 6 4 3 7 1 6 4 3 7 5 2 1 6 4 3 7 5 2 1 6 4 3 8 7 5 2 1 6 4 3 8 7 5 2 1 6 4 3 8 7 5 2 1 6 4 3 8 7 5 2 1 6 10 4 3 8 7 5 2 1 10 3 8 7 5 2 10 3 8 9 5 2 10 8 9 5 2 10 8 9 10 8 
3182073243 45
2 4 2 3 4 5 2 1 3 4 5 2 1 3 4 5 2 1 3 4 5 2 1 3 4 5 2 1 3 4 5 2 1 3 4 5 2 1 3 4 5 1 3 5 1 
2202892478 16
2 7 6 2 5 7 6 8 2 5 7 1 6 8 2 5 
1256000267 35
2 3 2 3 2 3 2 3 2 5 3 2 5 1 4 3 2 5 1 4 3 5 1 4 5 1 4 5 1 4 5 1 4 1 4 
2966656364 81
1 8 4 1 8 5 4 1 8 9 5 4 6 1 8 9 5 4 6 1 8 9 7 5 4 6 1 8 9 7 5 4 6 1 2 8 9 7 5 3 4 6 1 2 8 9 7 5 3 4 6 1 2 8 9 7 5 3 4 6 2 9 7 5 3 6 2 9 7 3 6 2 7 3 2 7 3 2 3 2 3 
739314608 6
1 1 1 1 1 1 
373502795 7
3 6 5 7 4 2 1 
758170868 4
1 1 1 1 
1517084847 54
1 2 1 6 2 3 1 6 2 3 1 6 2 4 3 1 6 2 4 3 1 5 6 2 4 3 1 5 6 2 4 3 1 5 6 2 4 3 1 5 6 2 4 3 5 6 4 3 5 4 5 4 5 5 
593299852 8
1 1 1 1 1 1 1 1 
2108420118 45
3 3 1 7 5 3 1 4 7 5 3 1 6 4 7 2 5 3 1 6 4 7 8 2 5 3 1 6 4 7 8 2 5 3 1 6 4 7 8 2 5 1 6 4 7 
1857003132 61
6 3 2 6 3 2 6 3 1 2 6 3 1 2 6 5 3 1 2 6 5 3 1 2 6 5 4 3 1 2 6 5 4 8 3 1 2 5 4 8 1 7 5 4 8 1 7 5 4 8 7 5 4 8 7 4 8 7 4 8 7 
1426129307 15
5 5 2 5 4 2 1 3 4 2 1 3 4 1 3 
169353597 8
2 2 2 2 1 1 1 1 
960185083 12
1 1 2 4 2 4 6 3 6 3 5 5 
862757360 35
5 5 5 3 5 3 5 3 4 5 3 4 1 5 3 4 1 3 4 1 3 2 4 1 2 4 1 2 4 1 2 1 2 2 2 
2664690872 23
5 6 1 5 6 9 2 3 1 5 4 6 9 2 3 1 5 4 6 9 2 3 1 
208359600 8
1 1 1 1 1 1 1 1 
1872609305 54
8 8 6 8 6 5 8 9 6 5 8 3 9 6 5 8 3 9 6 5 3 9 6 5 3 9 4 5 1 3 2 9 4 7 1 3 2 4 7 1 2 4 7 1 2 4 7 1 2 4 7 1 2 7 
1055240835 20
8 5 9 3 8 10 5 4 6 9 2 7 3 10 4 6 2 7 1 1 
1101341067 32
2 2 3 2 3 2 3 1 2 3 1 2 3 1 4 2 3 1 4 2 3 1 4 3 1 4 1 4 1 4 4 4 
426570665 16
2 1 2 1 2 1 2 1 2 1 2 1 2 1 2 1 
881005816 16
1 1 1 1 2 1 2 1 2 1 2 1 2 2 2 2 
1463027791 30
3 5 3 5 2 3 6 5 2 3 4 6 5 2 3 4 6 5 2 4 6 2 4 6 4 1 1 1 1 1 
1020625719 30
4 4 5 1 4 5 1 4 3 5 1 2 4 3 5 1 2 4 3 5 1 2 3 5 1 2 3 2 3 2 
218961240 4
2 1 2 1 
431258074 7
2 2 2 3 2 3 2 
56666732 4
1 3 4 2 
345350560 2
1 1 
511031266 8
2 2 1 4 1 4 3 3 
1494861526 63
2 2 4 1 3 2 4 1 3 2 4 1 5 3 2 4 1 5 3 2 4 1 5 3 2 4 1 5 3 2 4 1 5 3 2 4 1 5 3 4 1 5 3 6 5 7 6 5 7 6 7 6 7 6 7 6 7 6 7 6 7 6 7 
19797881 4
1 1 1 1 
2482230339 64
5 7 5 7 4 5 1 10 7 4 5 1 10 7 4 5 3 1 10 7 4 5 3 1 10 7 4 2 5 8 3 1 10 7 4 2 5 8 3 1 10 7 4 2 5 8 3 1 10 7 4 9 2 5 8 3 1 10 7 4 9 2 8 3 
869017554 24
2 2 2 2 2 1 2 4 1 4 3 1 4 3 1 4 3 1 4 3 1 4 3 3 
517312317 6
2 1 3 4 6 5 
1126903898 42
5 2 3 5 2 3 5 4 2 3 5 4 2 3 5 4 2 3 5 4 1 2 3 6 5 4 1 2 3 6 4 1 6 4 1 6 1 6 1 6 1 6 
1652583949 12
3 1 2 3 1 2 5 5 6 6 4 4 
2640175663 60
2 9 2 1 9 2 1 9 3 4 2 1 9 6 3 4 2 1 9 6 3 4 2 1 9 6 3 4 2 7 1 9 5 6 3 4 7 1 5 6 3 4 8 7 5 6 3 4 8 7 5 6 8 7 5 8 7 5 8 7 
959870863 18
2 2 2 2 2 2 3 3 1 3 1 3 1 3 1 3 1 1 
425618369 3
1 1 1 
756665617 6
1 3 4 2 5 6 
1583777432 21
7 2 4 7 2 4 3 5 1 7 2 4 3 5 1 3 5 1 6 6 6 
772696421 9
3 8 7 2 4 9 5 6 1 
2235942357 28
3 3 2 6 3 2 6 4 3 2 6 4 1 2 6 4 1 4 1 5 1 5 7 5 7 5 7 7 
33021437 5
1 1 1 1 1 
285852774 4
2 1 4 3 
940430868 6
5 1 3 2 4 6 
1384588346 56
5 5 6 5 6 5 6 5 1 6 3 4 5 1 6 3 4 2 5 1 6 3 4 2 7 1 6 3 4 2 7 1 3 4 2 7 1 3 4 2 8 7 1 3 4 2 8 7 2 8 7 8 7 8 8 8 
324596591 4
1 1 2 2 
1691698493 16
5 5 3 5 4 9 8 3 5 4 9 8 3 5 6 4 
531777857 10
4 4 4 3 3 5 3 6 5 6 
1665869558 21
7 4 7 4 1 7 4 6 3 1 6 3 1 6 3 2 2 2 5 5 5 
647527380 8
4 2 4 2 3 3 1 1 
174998781 13
1 1 1 1 3 1 3 1 3 1 3 1 3 
2100103683 69
9 3 9 1 3 9 2 1 7 3 9 2 1 8 7 3 9 2 1 8 7 3 9 4 2 1 8 7 3 9 4 2 1 8 7 3 9 4 6 2 1 8 7 3 4 6 2 1 8 7 4 6 2 8 7 4 6 8 5 4 6 5 4 6 5 6 5 6 5 
250040098 5
2 4 5 1 3 
2566564154 60
6 2 6 2 3 6 5 2 3 4 6 5 2 3 4 6 1 5 2 3 4 6 1 5 2 3 4 6 1 5 2 3 4 6 1 5 2 3 4 6 1 5 2 3 4 6 1 5 2 3 4 1 5 3 4 1 5 4 1 1 
576340815 4
3 1 5 4 
1803923002 60
3 2 3 5 2 3 5 7 2 3 5 6 7 2 3 5 9 6 7 2 3 5 9 6 7 2 8 5 4 9 1 6 7 8 4 9 1 6 7 8 4 9 1 6 8 4 9 1 8 4 1 10 8 4 1 10 10 10 10 10 
27364359 4
2 2 1 1 
284756612 12
1 3 1 3 1 3 1 3 2 2 2 2 
1154214261 30
10 10 10 6 6 1 6 1 2 1 2 8 2 8 8 4 7 5 4 3 7 5 4 3 7 5 3 9 9 9 
419908294 4
2 3 4 1 
899805925 19
5 2 5 2 3 5 2 3 5 1 2 3 5 1 2 3 1 3 4 
169686882 12
1 2 1 2 4 1 3 2 4 3 4 3 
656476370 5
5 4 3 1 2 
757557192 30
5 1 5 1 2 5 1 2 5 1 2 4 5 1 2 4 2 6 4 6 4 6 4 3 6 3 6 3 3 3 
2979290867 27
1 3 5 1 3 5 4 2 1 3 5 4 2 1 3 5 4 2 1 3 5 4 2 1 7 3 5 
1826275136 40
2 4 2 4 2 1 4 2 1 4 2 1 4 2 1 4 2 1 4 2 1 4 2 1 4 2 1 3 4 1 3 1 3 3 3 3 3 3 3 3 
178851377 1
1 
493462252 4
1 1 2 2 
325783912 10
1 1 1 1 1 1 1 1 1 1 
2558660993 60
4 2 4 2 4 2 5 3 4 6 2 5 3 4 6 2 5 3 4 6 2 5 3 4 6 2 5 3 4 6 2 5 3 4 6 1 2 5 3 4 6 1 2 5 3 6 1 5 3 6 1 5 3 6 1 1 1 1 1 1 
1836667712 42
7 7 5 7 5 7 5 4 7 5 1 4 2 7 5 1 4 2 5 1 4 2 6 3 1 4 2 6 3 1 4 2 6 3 1 2 6 3 6 3 6 3 
1380526518 32
3 5 3 8 5 3 6 8 5 7 3 6 8 5 7 6 8 7 6 7 2 2 4 2 4 2 4 1 4 1 1 1 
1222025630 36
5 5 2 8 5 7 2 8 5 7 2 8 5 7 9 1 2 8 5 7 9 1 2 8 5 7 9 1 3 2 8 5 7 9 4 1 
820595072 12
3 2 3 2 3 1 2 1 1 4 4 4 
455548714 2
1 5 
1690661760 68
6 2 6 2 8 6 2 1 8 5 6 4 2 1 8 5 6 4 2 1 8 5 6 7 4 2 1 8 5 6 7 4 2 1 8 5 6 7 4 2 1 8 5 3 6 7 4 2 1 8 5 3 6 7 4 2 1 8 5 3 7 4 1 8 5 3 7 4 
1203588153 40
1 1 1 3 1 5 3 1 5 3 1 5 3 1 5 3 1 5 3 5 3 4 5 3 4 5 4 4 4 4 4 4 2 2 2 2 2 2 2 2 
2694747982 46
9 5 3 4 7 9 5 3 4 7 9 5 3 4 7 9 8 5 3 4 7 2 9 8 5 3 4 7 2 9 8 5 3 4 7 2 9 8 5 3 4 7 2 9 8 5 
1366156538 39
7 7 9 8 5 7 2 9 8 1 5 7 2 9 6 8 1 4 5 7 2 9 6 8 1 4 5 2 9 6 8 1 4 5 2 6 1 4 6 
564237035 27
1 1 1 1 1 1 1 1 1 2 2 2 2 2 2 3 2 3 2 3 2 3 3 3 3 3 3 
120661013 2
2 3 
163563012 2
1 1 
1175334967 24
8 5 6 8 5 6 8 5 1 7 6 2 4 1 7 2 4 1 7 2 3 4 3 3 
553526086 4
1 1 2 2 
602749631 22
2 2 2 2 4 3 2 4 3 2 4 3 4 3 4 3 4 3 1 1 1 1 
20247013 2
2 1 
1249102522 18
1 5 6 1 5 6 4 1 5 6 4 3 4 3 2 3 2 2 
1082112489 18
3 3 3 1 3 1 3 2 1 3 2 1 2 1 2 1 2 2 
1694004689 54
5 5 5 2 3 4 1 5 2 3 4 1 6 5 2 3 4 1 6 5 2 3 4 1 6 5 2 3 4 1 6 5 2 3 4 1 6 5 2 3 4 1 6 2 3 4 1 6 2 3 4 1 6 6 
2798195861 83
9 6 9 6 9 1 4 6 9 1 4 6 9 1 4 5 6 9 1 10 4 5 2 8 6 9 1 10 4 5 2 8 3 6 9 1 10 4 5 2 8 3 6 9 1 10 4 5 2 8 3 6 1 10 4 5 2 8 3 1 10 4 5 2 8 3 10 5 2 8 3 10 5 2 8 3 10 2 8 3 7 3 7 
1576225412 23
2 5 2 4 5 1 3 2 4 5 1 3 2 4 5 1 3 2 4 5 1 3 2 
827871026 30
3 3 3 3 2 3 1 5 2 1 5 2 6 1 5 2 6 4 1 5 2 6 4 1 5 6 4 6 4 4 
30710277 5
1 1 1 1 1 
1438364750 24
4 4 1 4 1 4 3 1 4 3 1 4 3 1 5 3 2 1 5 3 2 5 3 2 
800702332 18
5 5 8 3 8 3 1 6 7 4 1 6 7 4 2 9 2 9 
238515812 4
1 1 1 1 
1145919926 31
4 5 4 5 2 4 5 1 2 4 5 1 2 4 5 1 2 4 5 1 2 4 5 1 2 1 2 1 3 3 3 
1908893599 46
1 1 3 1 6 3 1 6 8 3 1 6 4 8 3 1 6 4 8 3 6 4 8 3 7 6 4 8 7 4 8 7 4 7 5 7 5 7 5 5 5 5 2 2 2 2 
849790501 51
2 2 3 2 7 3 2 7 3 2 7 3 5 2 7 4 3 5 2 7 4 3 1 5 2 7 4 3 6 1 5 2 7 4 3 6 1 5 2 7 4 3 6 1 5 7 4 3 6 1 5 
1544241035 54
5 2 9 4 5 2 9 4 7 5 2 9 3 4 7 5 2 8 9 3 4 7 5 2 8 9 3 4 7 5 2 8 9 3 4 7 6 8 3 7 6 8 3 6 8 6 6 6 1 1 1 1 1 1 
1247499442 8
7 1 6 3 4 8 2 5 
561866248 9
1 5 3 1 5 2 3 1 5 
1085609934 15
1 4 1 4 1 4 2 2 3 2 3 3 5 5 5 
1392429567 20
2 2 4 2 4 2 4 3 2 4 3 1 4 3 1 3 1 3 1 1 
131842514 14
1 1 1 2 1 2 1 2 1 2 1 2 2 2 
994415471 15
1 2 1 5 2 1 5 2 5 3 4 3 4 3 4 
2730118937 30
1 7 1 3 9 7 1 2 3 9 7 6 2 4 3 9 6 2 4 6 4 5 8 5 8 5 8 10 10 10 
1078263348 50
3 3 3 4 3 2 4 3 2 4 3 2 4 3 2 5 4 3 2 5 4 3 2 5 4 3 2 5 4 2 5 4 2 5 4 2 5 5 5 1 5 1 1 1 1 1 1 1 1 1 
853829559 28
1 1 4 1 4 1 4 3 1 4 3 1 4 3 1 4 3 4 3 3 3 2 2 2 2 2 2 2 
1163977412 19
2 2 2 6 4 2 3 6 4 2 3 6 1 4 2 3 6 1 4 
1355273679 20
6 6 1 5 6 7 1 5 6 4 7 3 1 5 6 4 2 7 3 1 
2159280843 56
6 8 7 6 8 7 6 8 7 6 8 7 4 2 6 8 7 3 4 2 6 8 7 3 5 4 2 6 8 7 3 5 4 2 3 5 4 2 3 5 4 2 3 5 4 2 3 5 1 5 1 1 1 1 1 1 
820998593 12
6 4 5 6 4 5 3 1 3 1 2 2 
1308416452 28
4 4 4 4 2 4 3 2 4 3 2 4 3 2 3 2 3 2 3 2 3 1 1 1 1 1 1 1 
749804954 8
1 1 1 1 1 1 1 1 
1868366819 50
5 4 5 4 2 5 4 2 5 4 2 5 4 1 2 5 4 1 2 5 4 1 2 3 5 4 1 2 3 5 4 1 2 3 5 4 1 2 3 1 2 3 1 3 1 3 1 3 3 3 
135384719 2
1 1 
275455538 2
1 2 
831190877 10
1 5 1 5 3 3 4 4 2 2 
897339080 10
3 1 4 10 9 6 8 5 2 7 
2009854281 40
1 1 5 3 8 4 6 7 1 5 3 8 4 10 6 7 1 5 3 8 4 10 6 7 5 3 8 4 10 6 7 10 9 2 9 2 9 2 9 2 
787048734 16
1 3 1 3 1 3 1 3 2 4 2 4 2 4 2 4 
1608139540 60
6 6 4 6 4 6 4 3 6 4 2 3 6 4 2 3 6 4 2 3 6 4 2 3 6 4 2 3 1 6 4 2 3 1 4 2 3 1 2 3 1 2 3 1 5 2 1 5 1 5 1 5 1 5 1 5 5 5 5 5 
2235780230 40
4 4 1 5 4 1 5 6 4 1 5 3 6 4 1 5 3 6 4 1 5 3 6 4 1 5 3 6 4 1 5 3 6 4 1 5 3 6 1 5 
2026917608 84
9 4 5 3 9 4 5 3 8 9 4 5 3 8 9 4 6 5 3 8 1 9 4 6 5 3 8 1 9 4 6 2 5 3 8 1 9 4 6 2 5 3 8 1 9 4 6 2 5 3 8 1 9 4 6 2 5 3 8 1 9 4 6 2 5 3 8 1 6 2 8 1 6 2 7 1 6 2 7 1 2 7 2 7 
1915039953 22
1 5 4 1 5 4 1 2 5 4 1 2 5 4 3 2 3 2 3 3 6 6 
1642273798 23
7 1 7 1 2 7 1 2 3 7 5 4 6 1 2 3 7 5 4 6 1 2 3 
2133923095 82
1 6 2 1 6 2 1 6 2 9 3 8 1 6 2 9 3 8 1 6 2 9 3 8 1 6 2 5 9 3 4 8 1 6 2 5 9 3 4 8 1 6 2 5 9 3 4 8 7 1 6 2 5 9 3 4 8 7 1 6 2 5 9 3 4 8 7 5 9 3 4 8 7 5 9 3 4 8 7 5 4 7 
1823838132 36
5 5 7 6 8 5 7 6 8 5 7 6 8 7 6 8 2 2 4 3 2 4 3 2 4 3 4 3 9 9 9 9 1 1 1 1 
1497039353 16
1 2 1 3 2 1 3 2 1 3 2 4 3 4 4 4 
598947991 3
6 10 6 
584084347 24
2 2 3 2 3 2 3 2 1 3 2 1 3 2 1 3 2 1 3 1 3 1 1 1 
1409346692 56
2 2 2 5 7 3 2 5 7 3 2 5 7 3 2 5 7 1 3 2 5 4 6 7 1 3 2 5 4 6 7 1 3 5 4 6 7 1 3 5 4 6 7 1 3 4 6 1 4 6 1 4 6 1 4 6 
100283953 1
2 
750878106 6
1 1 1 1 1 1 
1172439101 11
3 2 3 6 2 3 5 6 2 3 5 
1318084034 30
1 1 3 1 3 1 3 2 1 3 2 1 3 2 1 3 2 1 3 2 1 3 2 1 3 2 3 2 2 2 
2053256428 24
3 3 4 2 1 3 4 5 2 1 3 4 5 2 1 4 5 2 1 5 6 6 6 6 
352407334 21
3 3 2 3 2 3 2 3 2 3 2 3 2 2 1 1 1 1 1 1 1 
158074003 9
1 1 1 1 1 1 1 1 1 
24450720 16
2 1 2 1 2 1 2 1 2 1 2 1 2 1 2 1 
1745088051 60
1 2 1 2 4 1 2 4 1 5 2 3 4 1 5 2 3 4 1 5 2 3 4 1 5 2 3 4 1 5 2 3 4 1 5 6 2 3 4 1 5 6 2 3 4 5 6 3 4 5 6 3 5 6 3 6 6 6 6 6 
356581759 24
2 2 1 2 1 3 2 1 3 2 1 3 2 1 3 2 1 3 2 1 3 1 3 3 
1258117932 18
1 1 1 2 1 2 1 2 1 2 1 2 3 1 2 3 1 2 
975087487 16
4 1 4 1 3 4 1 3 4 1 3 2 3 2 2 2 
628073778 9
1 9 3 5 4 6 8 2 7 
1714158060 56
2 1 2 1 2 3 1 2 3 1 2 4 3 1 2 4 3 1 2 4 6 5 3 1 2 7 4 6 5 3 1 7 4 6 5 3 7 4 6 5 3 7 4 6 5 7 4 6 5 7 6 5 7 6 5 7 
1120298500 6
7 6 3 7 6 3 
567886825 18
2 2 2 3 2 3 2 3 2 3 3 3 1 1 1 1 1 1 
1012564966 32
1 3 1 3 2 1 3 4 6 7 2 1 3 4 6 7 2 1 3 4 6 7 2 1 3 4 6 7 2 4 6 7 
474885150 20
2 5 2 5 2 5 2 5 3 3 3 4 3 4 4 4 1 1 1 1 
1029532113 9
1 5 3 8 6 7 2 4 9 
1790204820 20
1 4 1 4 10 8 2 5 10 8 2 5 6 9 6 9 7 7 3 3 
424718636 24
4 4 3 4 3 4 3 1 4 3 1 4 3 1 3 1 1 2 1 2 2 2 2 2 
175342728 3
1 2 3 
664007731 30
5 5 5 2 5 2 3 5 4 2 3 5 4 2 3 4 2 1 3 4 2 1 3 4 1 3 4 1 1 1 
1286029156 32
7 7 2 7 2 8 7 2 8 2 8 5 8 5 1 4 5 1 4 5 1 4 1 3 4 3 3 6 3 6 6 6 
296403647 1
1 
580542550 8
3 3 2 2 4 4 1 1 
243215445 18
2 1 2 1 2 1 2 1 2 1 2 1 2 1 2 1 2 1 
534044709 16
2 2 2 2 1 2 1 2 1 2 1 2 1 1 1 1 
586916737 30
3 3 3 2 3 1 2 3 1 2 3 1 2 3 1 2 3 1 2 3 1 2 3 1 2 1 2 1 2 1 
233544276 3
1 3 2 
276961952 9
1 3 1 2 3 1 2 3 2 
1045481456 36
2 2 5 2 5 2 6 5 2 6 5 2 6 1 5 2 6 1 5 4 2 6 1 5 4 2 6 1 5 4 6 1 5 3 4 6 
681589475 10
2 2 2 2 2 1 1 1 1 1 
3963743807 89
3 6 2 3 6 2 5 3 6 2 1 10 5 3 6 2 1 10 5 9 3 8 6 2 1 10 5 9 3 8 4 6 2 7 1 10 5 9 3 8 4 6 2 7 1 10 5 9 3 8 4 6 2 7 1 10 5 9 3 8 4 6 2 7 1 10 5 9 8 4 7 1 10 5 9 8 4 7 1 10 9 8 4 7 9 8 4 7 4 
187233045 6
2 2 1 1 3 3 
2749103868 48
3 7 5 2 3 7 5 2 3 7 5 2 1 6 4 3 7 5 2 1 6 4 3 7 5 2 1 6 4 3 7 5 2 1 6 8 4 1 6 8 4 1 6 8 4 8 8 8 
120835184 5
1 1 1 1 1 
153075387 6
1 1 1 1 1 1 
504895202 5
1 1 3 1 3 
341511956 3
4 4 4 
455308776 15
4 4 3 4 3 1 3 5 2 1 5 2 1 5 2 
653054712 5
4 5 1 3 2 
1329633565 45
1 1 1 2 1 2 1 2 4 1 2 3 4 5 1 2 3 4 5 1 2 3 4 5 1 2 3 4 5 1 2 3 4 5 2 3 4 5 2 3 4 5 3 4 5 
1989493519 36
5 5 5 2 7 8 5 2 7 6 8 2 7 4 6 8 2 7 4 6 8 4 6 3 4 3 3 3 9 9 9 9 1 1 1 1 
340401336 3
1 2 3 
442159100 4
2 2 1 1 
2626402938 90
5 6 3 5 2 6 3 10 7 5 2 6 3 10 7 5 2 6 9 3 10 7 8 5 2 4 6 9 3 10 7 8 5 2 1 4 6 9 3 10 7 8 5 2 1 4 6 9 3 10 7 8 5 2 1 4 6 9 3 10 7 8 5 2 1 4 6 9 3 10 7 8 2 1 4 9 10 7 8 1 4 9 8 1 4 9 8 1 4 1 
501332000 40
3 3 3 4 3 2 4 3 2 4 3 1 2 4 3 1 2 4 3 1 2 4 3 1 2 4 3 1 2 4 1 2 4 1 2 4 1 2 1 1 
1339164775 12
3 1 3 2 1 3 2 1 2 4 4 4 
3486421992 45
2 1 4 6 2 1 8 4 6 2 1 8 4 6 3 2 1 8 4 6 3 2 1 9 8 5 4 6 3 9 8 5 3 9 5 3 9 5 9 5 7 7 7 7 7 
157966363 1
1 
292419285 4
2 2 1 1 
43497 7
1 1 1 1 1 1 1 
602128795 7
1 3 6 4 2 7 5 
1741898390 49
4 4 1 4 3 1 6 4 2 5 3 1 6 4 2 5 3 1 6 4 2 5 3 1 6 4 2 5 3 1 6 4 2 5 3 1 6 4 2 5 3 1 6 2 5 3 1 6 2 
1805564442 36
3 6 3 6 3 6 8 9 3 4 6 2 8 9 3 4 6 2 8 7 9 3 4 6 2 8 7 10 9 3 5 4 6 2 8 7 
456539346 12
3 4 3 4 3 4 1 1 1 2 2 2 
280044427 3
3 2 1 
923377329 6
3 3 1 2 1 2 
1184707518 56
6 6 6 6 7 6 7 4 6 7 4 3 6 7 4 1 3 6 7 4 2 1 3 7 4 2 5 1 3 7 4 2 5 1 3 7 4 2 5 1 3 4 2 5 1 3 2 5 1 3 2 5 1 2 5 5 
3242981871 72
7 1 8 4 7 3 1 8 4 7 3 1 8 4 7 3 6 1 8 4 7 2 5 3 6 1 8 4 7 2 5 3 6 1 8 4 7 2 5 3 6 1 8 4 7 2 5 3 6 1 8 4 7 2 5 3 6 1 8 4 2 5 3 6 2 5 6 2 5 6 2 5 
798357887 48
6 6 6 3 6 8 3 4 6 1 8 3 4 6 1 8 3 4 5 1 8 3 4 5 7 1 8 3 4 5 7 1 8 2 4 5 7 1 2 5 7 2 5 7 2 7 2 2 
1183809380 33
3 3 4 6 3 8 4 6 1 3 8 4 9 6 10 1 5 3 8 4 9 6 10 1 5 3 7 8 4 9 6 10 1 
85549889 2
1 2 
2206120533 32
2 5 2 5 2 1 8 9 5 7 2 1 8 9 5 7 4 2 1 8 9 5 7 4 2 1 8 9 5 7 4 2 
376801215 9
2 3 1 2 3 1 2 3 1 
1016298471 8
2 5 4 2 5 4 1 2 
773321108 9
9 1 4 5 2 6 8 3 7 
89934890 2
1 1 
1354255094 28
4 4 2 4 2 4 2 3 2 3 1 7 3 1 7 6 5 3 1 7 6 5 1 7 6 5 6 5 
56866060 8
1 1 1 1 1 1 1 1 
1018120006 20
4 4 4 4 1 4 3 1 3 1 3 1 3 2 1 3 2 2 2 2 
1469994046 16
4 3 4 3 4 3 4 3 2 2 2 2 1 1 1 1 
783372242 6
2 2 1 2 1 1 
1563296908 16
7 6 7 4 6 5 4 5 3 3 1 1 2 8 2 8 
1777536389 32
4 2 4 2 1 4 2 1 4 2 1 4 2 1 4 2 1 4 2 3 1 4 2 3 1 3 1 3 3 3 3 3 
191058130 4
1 1 1 1 
356434959 40
1 1 1 1 3 4 1 2 3 4 1 2 3 4 1 2 3 4 1 2 3 4 1 2 3 4 1 2 3 4 2 3 4 2 3 4 2 3 4 2 
825701445 12
4 2 4 2 3 5 3 5 6 6 1 1 
312440401 2
2 3 
2624567272 40
3 3 7 1 3 7 9 1 3 6 7 2 9 1 6 7 8 2 9 1 10 6 8 2 9 10 6 8 2 5 10 4 8 5 10 4 5 4 5 4 
8736070 2
1 1 
2490196826 48
6 5 2 6 4 5 2 6 4 5 2 6 3 4 5 2 6 3 4 5 2 6 3 4 5 2 6 3 4 5 2 6 3 4 5 2 1 3 4 1 3 1 3 1 1 1 1 1 
333215781 20
2 2 2 2 2 1 2 1 2 1 2 1 2 1 2 1 1 1 1 1 
1474362142 45
2 5 2 5 2 1 5 2 1 4 5 2 1 4 5 2 1 4 3 5 2 1 4 3 5 2 1 4 3 5 2 1 4 3 5 1 4 3 1 4 3 4 3 3 3 
528324262 2
1 1 
545081619 6
2 3 8 1 9 4 
1318378112 27
9 8 2 5 9 8 2 5 9 8 2 5 7 3 4 7 3 4 7 3 4 1 1 1 6 6 6 
2391559980 61
6 6 4 6 9 4 8 6 9 4 8 6 9 4 8 5 6 9 4 2 8 5 6 9 4 2 8 5 6 1 9 4 7 2 8 5 6 1 9 4 7 2 8 5 1 9 4 7 2 8 5 1 9 7 2 8 5 1 7 2 5 
1254770053 30
6 6 6 2 6 4 2 6 3 4 2 5 3 1 4 2 5 3 1 4 2 5 3 1 4 5 3 1 5 1 
1985037903 56
7 8 7 5 6 8 7 1 5 6 4 8 7 1 5 2 6 4 8 7 1 5 2 6 4 8 7 1 5 2 6 4 3 8 7 1 5 2 6 4 3 8 1 5 2 6 4 3 1 2 4 3 2 3 3 3 
637109416 18
1 1 2 1 2 1 2 1 2 1 2 1 2 1 2 1 2 2 
285052000 7
1 1 1 1 1 1 1 
532095267 12
4 4 2 3 2 3 1 5 1 5 6 6 
26807923 9
1 1 1 1 1 1 1 1 1 
1389642662 24
2 3 2 3 2 3 2 3 2 3 1 2 3 1 1 1 1 4 1 4 4 4 4 4 
413784182 2
2 4 
3652378552 90
5 8 5 10 3 8 2 5 10 3 7 4 8 2 5 10 3 7 4 8 2 5 10 3 7 4 8 2 6 5 10 3 1 7 4 8 2 6 5 10 3 1 7 4 8 2 6 5 10 3 1 7 4 8 2 9 6 5 10 3 1 7 4 8 2 9 6 10 3 1 7 4 2 9 6 1 7 4 9 6 1 9 6 1 9 6 1 9 9 9 
491147123 16
2 2 2 4 2 4 4 4 1 3 1 3 1 3 1 3 
1130857988 16
2 2 2 3 2 3 3 4 3 4 4 1 4 1 1 1 
76563801 5
1 1 1 1 1 
1630796023 28
5 6 8 5 6 8 5 6 8 5 6 8 5 6 1 4 8 5 6 3 1 4 2 8 5 6 3 1 
2825272144 49
7 4 7 3 4 7 3 2 4 5 7 3 6 2 4 5 7 3 10 6 2 4 5 7 3 10 6 2 4 5 7 3 10 6 2 4 5 7 3 10 6 2 4 5 7 3 10 6 2 
1175090721 16
8 8 2 5 4 2 6 5 4 3 6 3 7 7 1 1 
2162446798 76
4 8 6 4 8 1 2 6 9 4 8 1 2 6 9 4 8 1 2 6 9 4 8 3 1 2 6 9 4 8 3 1 10 5 2 6 9 4 8 3 1 10 5 2 6 9 4 8 3 1 10 5 2 6 9 4 8 3 1 10 5 2 6 9 3 1 10 5 2 9 3 10 5 3 10 5 
1432397960 37
9 10 9 10 9 5 3 1 6 10 4 9 5 3 7 1 6 10 4 9 5 3 7 1 6 10 4 9 5 3 7 2 1 6 10 4 9 
826901776 8
1 1 2 2 4 4 3 3 
909935961 25
4 4 4 3 2 4 3 1 2 4 3 5 1 2 3 5 1 2 3 5 1 2 5 1 5 
1046874800 42
4 3 4 3 4 3 4 3 4 5 3 4 5 3 4 5 3 5 2 1 5 2 1 5 2 1 5 2 1 2 1 2 6 1 2 6 1 6 6 6 6 6 
743104654 5
2 3 2 1 3 
419692659 9
2 1 4 2 1 4 3 2 1 
1601637432 40
5 3 2 5 3 2 5 3 2 5 3 2 5 3 2 5 3 2 5 4 3 2 5 4 3 2 4 4 4 4 4 4 1 1 1 1 1 1 1 1 
1044150454 9
9 3 6 1 2 4 7 8 5 
179541150 2
2 1 
1937000971 40
6 3 4 6 3 4 1 6 3 7 4 1 6 3 7 4 1 2 6 8 3 7 4 1 2 8 7 1 2 8 7 2 8 2 5 8 5 5 5 5 
2933721191 60
3 1 3 1 8 3 1 8 3 9 7 1 8 10 6 3 9 7 1 8 5 10 6 3 9 7 1 8 5 10 6 9 2 7 8 5 10 6 9 2 7 5 10 6 9 2 7 5 10 6 2 5 4 2 4 2 4 4 4 4 
1671549141 59
6 2 6 2 6 3 2 6 3 5 7 2 6 3 5 7 2 6 3 5 7 2 4 6 3 5 7 2 4 6 3 5 7 2 4 6 3 5 7 2 4 6 3 5 7 2 1 4 3 5 7 1 4 3 5 7 1 4 5 
1185901217 10
1 8 1 8 1 3 8 5 1 3 
1328024427 41
4 1 2 4 1 2 4 1 2 4 7 1 2 4 7 1 3 2 6 4 7 1 8 3 2 6 4 7 5 1 8 3 2 6 4 7 5 1 8 3 2 
1735467702 35
2 3 2 3 2 1 4 3 2 1 4 3 2 1 4 3 2 1 4 5 3 2 1 4 5 3 1 4 5 1 4 5 5 5 5 
835847900 4
6 5 4 6 
230056827 3
2 3 1 
893700399 14
2 7 2 7 6 6 5 5 4 4 3 3 1 1 
2034861019 52
2 2 1 6 2 1 6 5 2 1 6 5 2 1 7 6 3 4 5 2 1 7 6 3 4 5 2 1 7 6 3 4 5 2 1 7 6 3 4 5 2 1 7 6 3 4 5 2 1 7 6 3 
1979754291 48
7 2 7 6 2 7 6 3 2 7 6 3 8 2 5 7 6 3 8 2 5 7 6 3 8 2 5 6 3 8 5 3 8 5 8 4 5 1 4 1 4 1 4 1 4 1 4 1 
45341328 7
1 1 1 1 1 1 1 
1120990219 54
2 2 2 1 2 3 1 4 2 3 1 4 2 3 1 4 2 3 1 4 2 3 1 4 2 3 1 4 3 1 4 3 1 4 3 6 4 6 6 5 6 5 6 5 6 5 6 5 6 5 6 5 5 5 
188696857 9
3 2 3 2 3 2 1 1 1 
1050094393 15
1 2 1 2 3 1 2 4 3 5 4 3 5 4 5 
653898130 27
2 2 2 2 2 2 1 2 3 1 2 3 1 2 3 1 3 1 3 1 3 1 3 1 3 1 3 
1671879098 63
2 3 2 4 3 2 4 3 2 4 3 2 7 4 3 2 5 7 4 6 3 2 5 7 4 6 3 2 5 7 4 6 3 2 5 7 4 6 3 5 7 4 6 5 7 6 5 7 6 5 7 6 5 6 1 1 1 1 1 1 1 1 1 
1013301244 24
2 2 3 2 3 2 3 4 2 3 4 2 3 4 1 3 4 1 4 1 4 1 1 1 
370642067 9
1 1 1 1 1 1 1 1 1 
201847513 2
2 1 
2222227599 40
5 5 8 2 5 6 4 8 2 5 6 4 8 2 5 6 4 8 2 6 4 8 2 6 4 1 3 7 1 3 7 1 3 7 1 3 7 1 3 7 
1383677368 14
2 1 2 1 2 1 2 1 2 1 2 1 2 1 
332837445 2
5 5 
116353984 1
1 
795584434 7
4 5 2 6 1 3 7 
970195720 18
2 6 2 6 1 2 6 1 1 3 4 3 4 3 4 5 5 5 
1332176495 19
6 5 6 4 5 3 6 4 5 3 6 4 5 2 3 4 2 3 1 
845138847 27
1 1 1 1 1 2 1 2 3 1 2 3 1 2 3 1 2 3 2 3 2 3 2 3 2 3 3 
1824229591 48
1 4 1 4 1 4 1 4 1 6 4 1 6 4 1 6 5 4 1 3 6 5 4 3 6 5 3 6 5 3 2 6 5 3 2 6 5 3 2 5 3 2 5 3 2 2 2 2 
402165994 24
2 1 2 1 3 2 1 3 2 1 3 2 1 3 2 1 3 2 1 3 2 1 3 3 
534190625 4
7 3 7 3 
1931303188 40
2 6 5 2 6 5 2 1 6 5 2 1 6 5 2 1 6 4 5 2 1 6 4 5 2 1 6 4 5 2 1 6 4 5 2 1 6 4 5 1 
1871084241 46
6 6 6 4 9 6 2 1 4 9 8 7 3 5 6 2 1 4 9 8 7 3 5 2 1 4 9 8 7 3 5 2 1 4 9 8 7 3 5 2 1 8 7 3 5 10 
950841760 30
1 3 1 3 1 3 7 4 7 4 9 7 4 9 6 5 9 6 2 5 6 2 5 2 8 8 8 10 10 10 
924390534 18
2 1 2 1 2 1 5 5 5 4 4 3 4 6 3 6 3 6 
1067993661 36
1 2 1 2 1 2 1 2 1 2 1 4 2 1 4 3 2 1 4 3 2 1 4 3 2 4 3 4 3 4 3 4 3 4 3 3 
1645941810 43
4 6 4 6 4 6 4 8 7 6 4 8 7 1 5 6 4 8 7 1 5 6 4 8 7 1 5 6 4 8 7 1 5 6 4 2 8 7 1 5 6 3 2 
1422457978 24
4 4 2 4 2 4 1 2 4 1 3 2 4 1 3 2 1 3 2 1 3 1 3 3 
204627770 2
2 2 
349831601 21
3 1 3 1 3 1 3 1 3 1 3 1 2 3 1 2 2 2 2 2 2 
2273277119 40
8 3 4 8 2 3 4 8 7 2 6 3 4 8 7 2 6 3 4 8 7 5 2 6 3 9 4 8 7 5 2 6 3 1 9 4 8 7 5 2 
847175892 8
1 1 1 2 1 2 2 2 
1578359197 40
1 6 1 2 6 1 8 2 6 1 7 8 2 6 1 7 8 2 6 3 7 8 2 3 7 8 3 4 7 3 4 3 4 5 4 5 4 5 5 5 
98698517 1
2 
311040651 3
3 3 3 
1611677500 42
5 5 3 5 6 3 4 5 6 3 4 5 6 3 2 4 1 5 6 3 2 4 1 5 6 3 2 4 1 6 3 2 4 1 6 2 4 1 2 1 2 1 
803747542 8
3 3 8 3 2 7 8 3 
1475914626 45
5 3 5 3 5 3 5 3 1 5 4 3 1 5 4 3 1 5 4 3 1 5 4 3 2 1 5 4 3 2 1 5 4 3 2 1 4 2 1 4 2 1 4 2 1 
843323560 8
1 1 2 1 2 1 2 2 
1043647300 78
3 6 3 7 1 6 3 7 1 6 3 7 1 6 2 3 7 1 6 2 3 7 8 1 6 9 2 3 7 8 1 6 9 2 3 7 8 1 6 4 9 2 3 7 5 8 1 6 4 9 2 3 7 5 8 1 6 4 9 2 7 5 8 1 4 9 2 5 8 4 9 2 5 8 4 9 2 5 
1507970561 16
1 2 3 1 2 4 3 6 7 4 6 7 8 8 5 5 
902080864 24
5 5 2 5 2 4 5 2 4 5 2 4 1 5 2 4 1 2 4 3 1 4 3 1 
932120229 6
2 1 2 1 3 3 
1084773054 16
5 5 3 2 5 3 4 2 5 3 4 2 5 6 3 4 
575237802 8
2 6 7 5 3 4 1 8 
683151990 6
2 2 3 3 1 1 
1763473982 49
5 3 5 3 4 5 6 3 9 4 5 6 3 9 4 7 5 6 3 1 2 9 4 7 5 10 6 3 1 2 9 4 7 5 10 6 3 1 2 9 4 7 5 10 6 3 1 2 9 
2524814124 25
8 7 6 8 7 2 6 8 7 9 2 6 8 7 3 9 2 6 8 7 3 1 9 2 6 
335094492 30
1 2 1 2 1 2 4 1 2 4 1 2 4 1 2 4 4 3 4 3 5 3 5 3 5 3 5 3 5 5 
1704367254 27
1 3 1 2 3 1 2 3 2 8 6 4 8 6 9 4 8 6 9 4 9 5 5 7 5 7 7 
1579165836 85
9 8 9 5 8 2 9 5 8 3 2 9 5 8 3 4 2 9 5 8 3 4 1 2 9 5 8 3 7 4 1 2 9 5 8 6 10 3 7 4 1 2 9 5 8 6 10 3 7 4 1 2 9 5 8 6 10 3 7 4 1 2 9 5 8 6 10 3 7 4 1 2 5 6 10 3 7 4 1 2 6 10 3 7 4 
1371640081 24
3 3 2 3 8 4 2 3 8 4 6 2 3 8 4 6 2 3 8 5 4 6 2 1 
580013414 4
1 1 1 1 
1057324182 13
3 3 6 3 6 1 3 6 2 1 3 6 2 
964885189 8
3 7 3 7 3 8 7 3 
395292551 5
1 4 3 5 2 
1280768591 10
2 2 3 3 4 1 5 4 1 5 
755673554 6
3 5 2 4 1 6 
588922851 21
3 1 3 1 3 1 3 1 3 1 3 2 1 3 2 1 2 2 2 2 2 
2819586854 22
3 3 4 6 1 2 7 3 4 6 1 2 7 3 4 6 1 2 7 3 4 6 
2234936228 40
6 5 6 7 5 8 6 7 5 4 8 6 7 3 5 4 8 6 2 7 3 5 4 8 2 7 3 4 8 2 3 4 1 2 3 1 2 1 1 1 
1310773317 9
1 8 1 8 1 6 8 1 6 
328435406 28
2 2 2 1 2 1 2 1 2 4 1 2 3 4 1 3 4 1 3 4 1 3 4 3 4 3 4 3 
321586095 3
3 1 2 
944376841 10
2 3 10 8 4 6 9 5 1 7 
1934834435 35
1 4 2 1 4 2 1 5 4 2 1 3 5 4 2 1 3 5 4 2 1 3 5 4 2 1 3 5 4 2 3 5 3 5 3 
2601097585 33
4 7 2 4 7 2 1 9 4 7 6 2 1 9 4 7 6 2 1 9 4 7 6 2 1 9 4 7 6 2 5 1 9 
1300161416 50
5 5 5 5 5 2 1 5 2 1 3 5 2 1 3 5 2 1 3 5 2 1 3 5 4 2 1 3 4 2 1 3 4 2 1 3 4 2 1 3 4 2 1 3 4 3 4 4 4 4 
1110105949 21
2 2 2 3 2 3 2 3 2 1 3 2 1 3 2 1 3 1 3 1 3 
483369300 10
2 2 5 1 5 1 3 4 3 4 
1157035833 27
9 9 7 2 6 8 1 9 4 7 2 6 8 5 1 4 7 2 6 8 5 3 1 4 5 3 3 
75301202 5
2 2 2 1 2 
1098197380 10
6 6 6 5 3 6 5 3 5 4 
2713977253 36
4 4 8 3 5 4 8 3 5 4 8 2 1 3 5 7 9 8 2 1 3 5 7 9 2 1 7 9 2 1 7 9 6 6 6 6 
928199632 5
1 2 1 2 3 
411570828 3
1 2 3 
843854690 8
1 1 1 1 2 2 2 2 
2048231647 36
1 5 1 5 1 3 7 2 5 1 8 3 7 2 5 8 3 7 2 8 3 7 2 8 6 6 4 6 4 6 4 4 9 9 9 9 
425222358 20
3 4 3 4 2 3 4 2 3 4 2 3 4 1 2 1 2 1 1 1 
988461837 12
1 4 1 4 6 5 6 5 2 2 3 3 
298502904 12
1 1 1 1 2 1 2 1 2 1 3 2 
290792508 2
2 1 
818166588 8
5 1 5 1 5 2 1 5 
840775423 10
5 1 5 1 3 4 3 2 4 2 
901746681 20
2 2 10 8 10 8 3 3 4 4 7 9 7 9 5 6 5 6 1 1 
86802218 3
1 1 1 
1231194294 24
4 2 4 2 6 4 2 6 4 2 6 6 3 3 1 3 1 3 1 1 5 5 5 5 
542042169 3
1 1 1 
1008706548 28
3 3 3 4 3 2 4 3 2 4 3 2 4 3 2 4 2 4 2 4 2 1 1 1 1 1 1 1 
99231342 18
1 1 1 2 1 2 1 2 1 2 1 2 1 2 1 2 2 2 
1579714406 30
3 1 3 1 3 1 3 1 2 3 1 2 3 1 2 3 1 2 3 1 2 3 1 2 3 1 2 2 2 2 
648874782 30
3 2 3 2 3 2 3 2 3 2 4 3 2 4 3 2 4 3 2 4 1 4 1 4 1 4 1 4 1 1 
621887149 12
3 3 3 1 3 2 1 2 1 2 1 2 
623150596 30
1 1 3 1 3 1 3 1 3 1 3 2 1 3 2 1 3 2 1 3 2 1 3 2 3 2 2 2 2 2 
713616918 8
3 3 2 3 2 3 2 3 
514238227 24
4 4 4 4 3 5 3 5 3 1 5 3 1 6 5 2 1 6 2 1 6 2 6 2 
1180852296 10
2 3 2 3 2 3 2 3 1 2 
1183323000 18
5 4 5 1 4 1 8 6 3 8 6 3 9 9 7 7 2 2 
1333999824 16
1 2 1 2 1 2 1 2 1 2 1 2 1 2 1 2 
1836160334 24
2 5 2 4 3 5 2 4 3 5 2 4 3 5 2 4 3 5 2 4 3 5 2 1 
2403026314 67
6 2 6 2 6 2 5 10 6 2 5 10 6 2 5 10 6 1 2 5 8 10 6 1 2 5 4 8 10 7 6 1 2 5 4 8 10 7 1 5 4 8 10 7 1 5 4 8 10 7 1 4 8 9 7 1 4 8 9 7 1 4 8 9 7 4 9 
754270037 7
3 6 1 2 7 4 5 
1675230993 30
2 2 4 2 3 9 4 1 8 3 6 9 4 1 10 8 3 6 9 1 10 8 5 6 10 5 5 7 7 7 
1164726513 16
1 1 1 2 1 2 3 2 3 2 4 3 4 3 4 4 
1438658543 60
6 5 6 2 5 6 2 5 6 2 5 6 2 5 6 2 5 6 2 1 4 5 6 2 1 4 5 6 2 1 4 3 5 6 2 1 4 3 5 2 1 4 3 1 4 3 1 4 3 1 4 3 1 4 3 1 4 3 3 3 
1971923244 70
1 1 6 1 6 1 2 6 4 1 7 2 6 4 1 7 2 6 4 1 7 5 2 6 4 1 7 5 2 6 4 1 7 5 2 3 6 4 1 7 5 2 3 6 4 7 5 2 3 6 4 7 5 2 3 4 7 5 2 3 4 7 5 3 5 3 5 3 3 3 
523765690 18
2 1 2 1 2 1 2 1 2 1 2 1 3 3 3 3 3 3 
1792812142 21
7 7 2 1 7 5 2 6 1 5 2 6 1 5 6 4 4 4 3 3 3 
1012004683 20
2 3 2 3 2 4 3 2 1 4 3 1 4 1 4 1 5 5 5 5 
24951310 2
1 1 
1765125962 63
3 8 3 6 8 3 6 1 7 5 8 3 6 1 7 5 8 3 6 1 7 5 8 3 6 1 2 7 5 9 8 3 6 1 2 7 5 4 9 8 6 1 2 7 5 4 9 1 2 7 5 4 9 2 4 9 2 4 9 2 4 9 4 
727865612 9
7 6 3 8 5 4 1 9 2 
228779964 8
1 1 1 1 1 3 1 2 
1845592838 21
6 3 6 3 6 7 3 1 7 1 7 1 5 2 5 4 2 5 4 2 4 
617557736 8
6 3 8 2 7 5 4 1 
904910825 8
1 7 8 3 5 4 2 6 
1050797266 44
2 2 2 6 2 4 8 1 6 2 4 8 1 7 3 6 2 4 8 1 7 3 6 2 4 5 8 1 7 3 6 4 5 8 1 7 3 6 4 5 8 1 7 3 
1223303214 27
4 4 2 4 2 4 2 3 1 4 2 5 3 1 4 2 5 3 1 4 2 5 3 1 4 2 5 
960681170 10
5 5 4 4 3 3 1 2 1 2 
66006392 15
1 1 1 1 1 3 3 2 3 2 3 2 3 2 2 
1419495155 35
4 4 3 4 3 1 4 3 1 4 5 3 1 5 3 2 1 7 6 5 2 1 7 6 5 2 7 6 5 2 7 6 2 7 6 
191108005 1
3 
5466841 7
1 1 1 1 1 1 1 
1997387504 44
4 6 4 1 6 4 1 2 6 4 1 2 6 4 7 1 2 6 4 7 3 1 2 6 4 7 3 1 2 5 6 4 7 3 1 2 5 6 7 3 1 2 5 7 
1773336261 60
1 10 1 4 6 10 1 4 7 6 10 8 1 4 7 6 2 10 8 1 4 7 6 2 9 10 8 1 4 7 6 2 9 10 8 5 4 7 6 2 9 3 8 5 7 2 9 3 8 5 2 9 3 5 9 3 5 3 5 3 
799761656 15
1 1 2 1 3 2 1 3 2 1 3 2 3 2 3 
619352723 10
1 1 1 1 1 2 2 2 2 2 
2263059344 63
4 4 7 2 4 7 2 1 4 7 2 1 4 3 7 2 1 4 3 7 2 1 4 3 7 2 1 4 3 7 2 1 4 3 7 2 1 3 7 2 1 3 5 1 3 5 3 6 5 6 5 6 5 6 5 6 5 6 5 6 5 6 6 
1695376276 31
4 4 6 8 2 4 6 8 2 3 4 6 8 2 7 3 6 8 2 7 3 7 3 7 1 1 1 1 5 5 5 
1509084267 35
3 1 3 1 5 3 1 5 3 1 5 3 1 5 3 4 1 5 3 4 1 5 4 5 4 4 2 4 2 4 2 2 2 2 2 
3583606220 72
2 5 2 3 5 6 2 3 5 6 2 3 1 5 4 6 2 3 1 5 4 6 2 3 1 5 4 6 2 3 1 5 4 7 6 2 3 1 5 4 7 6 2 3 1 5 4 7 6 3 1 4 7 6 8 1 4 7 8 1 4 7 8 7 8 7 8 7 8 8 8 8 
30465564 4
2 2 1 1 
787293350 6
1 1 3 3 2 2 
295196091 2
1 2 
2174575732 18
5 8 5 4 6 8 9 1 4 6 9 1 2 3 2 3 7 7 
218026900 8
1 1 1 1 1 1 1 1 
1001621017 15
1 1 3 1 3 1 3 1 4 3 1 5 8 4 3 
720044229 16
2 1 2 1 2 1 2 1 2 1 2 1 2 1 2 1 
2873150054 54
9 8 6 7 9 8 6 4 7 9 8 6 4 7 9 8 6 4 7 3 1 5 9 8 6 4 7 3 1 5 9 8 6 2 4 7 3 1 5 9 8 6 2 4 7 3 1 5 9 8 6 2 4 7 
2004404251 16
4 1 4 2 1 3 4 2 1 3 4 2 1 3 2 3 
1209801155 17
8 8 10 8 4 7 10 8 4 7 1 10 4 7 5 1 10 
1437267045 24
2 2 1 7 2 6 1 8 7 6 1 3 8 7 6 3 8 3 5 5 5 4 4 4 
286005340 2
1 1 
1530282135 11
6 1 6 1 5 6 1 2 5 6 1 
2616745570 64
5 5 4 3 2 5 4 1 3 2 5 4 8 1 3 2 6 5 4 8 1 3 2 6 7 5 4 8 1 3 2 6 7 5 4 8 1 3 2 6 7 5 4 8 1 3 2 6 7 4 8 1 3 2 6 7 8 1 6 7 8 6 7 7 
2486032290 54
2 2 4 6 2 4 6 5 3 2 4 6 5 3 2 4 6 5 3 2 4 6 5 3 2 4 1 6 5 3 2 4 1 6 5 3 2 4 1 6 5 3 4 1 6 5 3 1 5 3 1 1 1 1 
410010547 12
2 1 2 1 2 1 2 1 2 1 2 1 
853910454 12
1 1 1 2 1 2 1 2 1 2 1 2 
1073851589 12
1 1 4 6 4 5 3 6 5 3 2 2 
54583997 1
1 
237515337 6
5 6 1 2 3 4 
2218352396 56
8 8 8 1 4 2 8 5 1 6 4 2 8 5 1 6 7 4 2 8 5 1 6 7 4 2 8 3 5 1 6 7 4 2 3 5 1 6 7 4 2 3 5 1 6 7 4 2 3 5 6 7 3 7 3 3 
1028006301 10
3 3 4 1 5 4 1 5 2 2 
321189361 5
1 5 3 4 2 
1494334452 20
1 9 6 4 1 9 6 3 4 1 9 6 3 4 1 5 9 6 3 4 
1470147093 10
6 4 7 6 4 7 8 2 6 5 
702773742 10
10 6 2 8 3 9 7 1 4 5 
2369709991 54
1 7 1 7 1 4 7 5 1 4 2 7 5 1 4 2 7 5 1 4 2 7 5 1 4 3 2 7 5 1 4 3 2 7 5 1 4 3 2 7 5 4 3 2 5 4 3 2 5 3 2 3 6 3 
254512980 7
1 1 1 1 1 1 1 
1733633864 30
10 8 10 3 8 10 9 3 8 9 7 3 2 9 7 2 4 7 2 4 6 1 4 6 5 1 6 5 1 5 
2441930 5
1 1 1 1 1 
1125804340 40
1 3 1 2 3 1 2 3 4 1 2 3 4 1 2 3 4 1 2 3 4 1 2 3 4 1 2 3 4 1 2 3 4 1 2 3 4 2 4 4 
394333979 20
1 1 1 1 1 1 1 1 1 2 1 2 2 2 2 2 2 2 2 2 
385630252 18
2 2 2 1 2 1 2 1 2 1 2 1 2 1 2 1 1 1 
1121215575 34
7 4 7 4 7 4 7 4 3 7 4 3 7 5 4 3 5 3 5 1 2 3 5 1 2 3 6 5 1 2 6 5 1 2 
292840950 2
1 1 
