1647780432 8
36 34 38 25 11 22 36 19 
48392617 5
1 1 1 1 1 
2299100347 9
58 46 8 24 57 23 53 58 48 
1571846922 6
44 18 2 28 24 35 
2086312780 8
2 19 21 26 72 37 58 64 
1747300662 6
39 82 50 63 62 32 
1356347502 7
8 1 3 21 26 12 14 
268549403 3
5 5 1 
733249910 3
45 25 67 
1018642825 9
13 14 13 7 14 13 12 4 7 
1827504193 7
27 18 16 35 41 27 18 
2209811287 10
29 22 28 39 18 33 10 11 29 22 
2338199900 10
60 5 14 58 67 27 19 44 51 1 
1108460176 4
21 33 48 3 
910444163 4
18 4 17 18 
431828944 2
40 1 
2056752330 9
37 6 30 32 52 21 34 12 31 
925495599 3
12 42 9 
1832594758 10
37 5 38 37 15 35 25 18 32 29 
2084207254 10
30 40 3 42 7 17 30 40 3 42 
663528808 6
15 4 2 17 9 3 
1746204594 9
1 23 37 16 12 1 34 3 23 
865214970 3
3 19 24 
1220729258 7
37 27 13 2 31 37 34 
2672156859 10
48 9 26 46 81 40 36 52 80 83 
1357878224 7
1 23 43 1 33 19 23 
2416108735 9
86 48 83 12 76 27 26 75 31 
820368773 5
14 8 14 16 7 
289372601 1
50 
595755779 2
44 9 
1820526179 10
17 23 17 23 14 2 41 12 29 31 
1656097822 8
7 8 5 7 8 23 4 21 
777210713 3
1 15 13 
944331265 4
41 12 13 19 
1728710947 9
31 16 4 28 31 1 16 4 23 
1727072339 8
2 5 1 2 29 5 24 1 
1851347571 7
25 53 6 46 2 16 25 
1291033238 5
45 31 8 45 18 
2370313508 10
24 44 60 6 8 55 24 44 33 13 
2117689252 8
25 33 55 36 15 28 6 37 
314219236 1
40 
1388399500 6
28 20 14 24 28 23 
1227591002 5
51 35 7 19 17 
326775356 1
37 
1291901474 5
14 21 39 14 21 
1554375587 8
28 17 2 1 28 11 14 17 
1499712123 8
5 6 1 5 6 8 1 5 
1215896246 4
57 47 42 20 
2429896993 10
6 13 9 42 6 40 13 9 24 10 
537121363 2
32 11 
1189503857 7
8 6 8 6 4 20 8 
962487225 4
19 12 9 19 
25213211 2
1 1 
276163927 1
11 
1915689185 8
10 15 16 4 19 10 1 20 
1569703288 6
11 68 4 29 69 26 
283610853 1
1 
972188094 5
25 18 12 23 14 
624444146 2
62 3 
2291213627 9
18 55 30 63 37 61 42 18 55 
1469248637 5
4 72 68 1 60 
2196857422 9
70 95 52 93 63 29 24 13 59 
948621497 8
1 1 1 1 1 1 1 1 
2324928587 9
34 65 26 62 2 5 17 10 24 
1001938640 4
25 12 43 13 
207210337 1
16 
848127810 5
11 13 11 13 10 
971143171 6
4 8 4 8 7 17 
35834740 10
1 1 1 1 1 1 1 1 1 1 
2463198606 9
44 17 20 54 3 1 8 2 15 
1788919698 9
1 17 7 1 17 25 7 1 15 
1333151117 10
9 6 9 6 3 9 6 8 5 3 
1652098145 6
82 91 57 84 26 95 
1094835218 4
5 14 36 3 
800983029 4
6 6 15 13 
12645762 9
1 1 1 1 1 1 1 1 1 
1676843070 7
61 78 46 51 58 61 30 
2582050753 10
67 44 14 57 38 51 73 79 67 44 
883097599 8
5 5 5 3 10 9 7 6 
1501745655 9
14 16 5 15 14 16 22 5 15 
2155983229 10
3 4 13 9 8 11 17 28 20 18 
2061782235 9
12 55 24 8 50 36 28 27 56 
1421478617 9
6 15 10 6 15 12 10 9 6 
659004506 3
9 12 9 
1579636046 6
29 10 58 46 57 5 
839592662 3
40 1 10 
1140122422 4
69 21 60 24 
1303253391 5
22 21 2 19 24 
2078436126 9
23 37 60 29 20 1 6 31 63 
605115689 2
2 28 
1897250194 7
1 47 23 15 56 1 47 
1569288767 6
62 43 32 22 73 18 
225149 1
1 
608118741 2
3 52 
271816246 10
1 1 2 1 2 1 2 1 2 1 
712472874 3
22 13 2 
1530806822 6
64 69 79 14 26 47 
1630461174 8
15 18 12 15 11 1 18 12 
653974511 3
5 15 31 
532063579 2
18 36 
2496900519 10
40 39 76 57 49 75 15 26 27 14 
1721000788 6
55 61 70 85 34 6 
2059163027 10
10 27 19 10 30 25 11 22 8 20 
942024068 6
2 4 9 5 13 12 
710923638 4
16 16 8 16 
2384462668 10
2 18 8 20 15 2 18 9 6 8 
2305451234 10
58 47 29 79 19 85 80 25 52 9 
1784187904 7
36 14 2 10 21 27 5 
1757756647 6
93 8 58 55 24 65 
1127495596 7
6 12 6 11 13 5 17 
940498864 3
46 64 49 
1234864322 5
3 28 23 35 15 
519459117 2
5 12 
1041248988 4
56 18 21 43 
1097890560 4
35 30 9 42 
772246785 3
9 5 9 
836417756 7
5 2 5 8 2 13 4 
1740109213 7
44 56 6 44 54 5 17 
1135056927 5
62 65 79 67 10 
2058311192 10
4 6 16 10 4 6 20 16 3 8 
292355421 1
16 
1403115723 5
38 62 11 61 7 
2485813952 10
36 58 73 72 51 53 49 91 15 83 
915700701 5
15 25 13 10 18 
2291952425 10
41 5 34 16 29 41 5 37 30 39 
758628363 5
8 8 1 8 1 
2477456534 9
60 65 32 45 47 31 21 26 60 
835465836 9
1 5 1 5 3 3 2 2 6 
379742439 6
2 2 1 2 1 2 
987021559 5
6 13 7 12 6 
1247495072 5
24 30 18 17 5 
1187029481 4
56 60 10 14 
2062555015 8
51 18 64 23 42 87 9 74 
1102996248 4
60 11 70 68 
2144432895 9
52 36 41 20 17 30 52 36 58 
876135167 3
77 66 5 
968974688 8
2 10 12 2 8 3 10 12 
2193070479 8
71 54 15 33 75 34 91 27 
1190147394 5
29 13 15 37 18 
547255816 2
23 18 
181783897 3
1 1 1 
1574033295 6
65 33 62 63 90 19 
902988227 3
42 37 74 
1437454367 5
83 64 70 77 52 
328461597 1
72 
314142760 1
32 
942827729 4
30 9 11 8 
1810731190 7
26 36 53 31 61 2 37 
324148834 1
80 
1357775188 6
74 60 81 28 61 82 
1419504516 6
19 15 19 6 15 16 
2355348794 9
40 36 23 62 50 49 46 90 40 
1505095058 7
54 70 11 6 23 46 24 
628624104 2
86 48 
774832447 5
13 13 17 12 15 
319126863 1
32 
1803817905 7
41 34 33 27 9 19 42 
283588857 1
9 
2085071642 8
6 64 45 70 28 39 6 64 
1219392068 5
54 43 33 49 5 
1685253356 7
25 56 17 19 75 42 57 
2124288182 8
42 12 31 48 84 59 66 14 
1641665903 8
9 18 9 15 18 11 5 6 
952575999 4
2 26 20 16 
271818130 3
1 3 1 
2116547041 8
64 26 29 86 55 6 76 64 
1441690879 6
49 86 56 2 77 82 
893436086 3
35 34 42 
1591499894 7
4 18 3 8 4 7 18 
532240622 2
8 47 
291424134 1
14 
2055131459 9
6 5 19 1 13 18 20 16 2 
567457468 2
5 16 
194332737 1
6 
1956165625 9
14 41 35 58 17 54 50 33 20 
780779206 8
6 3 5 4 1 8 7 2 
2461246247 10
8 23 29 58 14 51 55 1 56 46 
1832962611 8
53 19 14 56 12 38 50 9 
2032766321 9
48 55 60 38 78 59 58 48 12 
620880059 2
44 68 
2052689135 9
40 33 35 16 61 43 10 11 40 
1345244636 6
72 61 45 74 47 2 
1064011423 5
7 7 2 8 1 
763629571 3
3 36 34 
1311323863 6
18 4 1 20 18 24 
755943080 7
6 17 3 16 5 6 17 
1797066168 8
9 14 3 5 9 26 19 15 
2565894568 10
60 25 62 23 6 52 1 44 60 15 
956264111 3
41 80 38 
1330949286 8
8 13 5 6 3 8 13 5 
582711371 2
76 5 
2215372298 10
24 13 6 10 12 2 30 21 24 13 
886391248 3
18 32 11 
1012981823 4
40 27 41 39 
1224673290 5
80 37 50 7 70 
2063350388 8
34 63 70 49 68 15 51 22 
740066204 4
15 1 13 12 
611974325 2
34 53 
2083542702 9
40 32 1 35 10 40 52 15 24 
1032499375 4
36 27 28 29 
593219560 2
20 21 
2363668619 10
17 14 53 28 35 17 57 55 34 52 
223122767 1
22 
1472158148 6
17 15 24 14 17 12 
2236396066 9
44 1 32 3 47 45 44 18 1 
289290586 4
2 2 2 1 
1271126202 5
4 17 12 18 5 
1821912679 7
25 86 61 8 89 27 74 
2279457603 9
46 12 3 20 39 55 48 5 14 
81078235 2
1 1 
1592131539 6
34 51 37 47 21 34 
491843070 2
16 54 
1408423507 9
15 5 9 15 14 5 9 12 4 
1347070152 7
10 18 3 37 32 42 36 
1084785433 4
13 14 41 28 
2249159047 9
47 31 69 1 71 37 32 3 42 
636243264 3
15 2 10 
2342567663 10
13 16 17 87 15 69 76 49 34 66 
1771817194 9
37 27 15 37 27 31 15 23 37 
2145525960 8
62 67 20 70 73 25 36 76 
1584316795 6
88 36 18 34 44 86 
477517372 2
1 4 
1973039336 9
27 12 39 40 24 3 4 44 27 
852506077 3
1 56 31 
626135790 2
45 1 
1421826758 6
16 29 1 21 16 29 
1983925796 8
39 59 47 45 49 32 36 42 
494229509 2
19 10 
643380056 2
14 18 
1059075780 4
6 7 33 3 
782362294 8
1 1 1 2 1 2 1 2 
1092637367 4
45 5 12 14 
547531368 2
8 8 
322035121 1
15 
1263302534 5
13 14 13 14 16 
2220747341 9
56 21 73 60 33 79 78 49 82 
1976566270 8
41 78 50 32 47 75 5 59 
344248381 2
2 2 
505954547 4
5 2 3 1 
2055171830 10
50 52 64 19 17 23 58 28 12 36 
703172573 3
26 45 58 
538405327 2
12 2 
614354609 3
6 2 9 
822355261 6
4 3 4 6 3 4 
614640053 3
2 2 2 
1227254260 5
21 13 22 10 16 
1326519469 5
58 30 16 57 20 
1508575437 6
7 16 56 51 3 7 
1853395719 9
31 38 42 8 44 31 15 25 21 
2579312324 10
43 15 11 5 54 37 55 34 41 7 
1452300462 5
8 69 12 37 3 
1349233161 6
2 24 29 11 40 2 
205857317 1
15 
707263291 3
16 19 14 
1876669609 8
10 18 36 51 24 28 20 3 
592392551 2
38 52 
983311306 8
19 20 13 9 18 17 22 6 
1499946147 6
17 24 67 23 39 54 
809675674 4
23 23 9 25 
1097492215 4
32 65 52 18 
807000501 4
5 9 5 9 
2073919556 9
38 56 17 70 40 38 56 80 33 
256886801 1
7 
1292130722 5
6 29 33 50 30 
319020871 1
16 
325459468 1
24 
2091193855 8
37 28 11 43 9 39 31 37 
1411042277 6
20 38 49 41 70 19 
2130370509 9
73 59 20 82 9 23 13 73 12 
1426495484 5
30 15 14 17 8 
1811218485 10
16 3 18 13 14 11 16 21 3 20 
1278728878 5
59 7 28 22 54 
1426969220 7
9 1 7 16 9 1 7 
1107830861 6
23 2 23 8 25 20 
1615828948 7
35 30 26 41 46 20 50 
1171083812 5
6 3 6 3 2 
1117411772 4
37 32 31 40 
2324825451 9
6 18 26 43 58 68 50 4 39 
1166655466 7
12 11 20 8 12 26 16 
1278413774 5
4 17 28 25 4 
825701480 3
15 1 16 
1636313898 6
91 20 17 82 8 83 
432367473 2
9 27 
2070401982 7
48 14 91 79 5 23 61 
1628733779 9
33 7 2 33 8 13 36 10 3 
1461762450 6
41 8 11 30 53 17 
531492540 2
19 12 
1115991968 8
5 10 5 12 11 3 10 5 
326226014 1
9 
922958057 4
11 29 11 15 
603896001 3
11 3 6 
1215428096 4
9 13 26 21 
485774536 5
4 1 2 4 1 
2144663989 9
36 35 4 39 42 36 24 35 29 
659103088 4
15 18 15 8 
295458132 1
13 
1474894458 9
15 2 12 6 13 4 5 11 19 
585006946 2
19 34 
393066406 7
2 2 2 4 2 1 4 
770491919 3
8 3 1 
2473356091 9
79 89 19 54 73 49 83 26 88 
1316095221 5
44 29 26 32 43 
386690368 4
3 3 1 2 
2486058374 9
5 16 46 65 52 55 22 17 47 
972936293 10
1 1 5 5 7 6 7 9 6 8 
716286477 6
1 2 1 2 4 4 
684446373 3
5 5 3 
1253793569 9
14 14 2 12 13 14 2 5 12 
1619733884 9
4 4 13 17 23 21 4 13 15 
412312753 2
10 1 
376901295 2
2 2 
1549593020 6
36 93 44 82 64 61 
1852601796 10
5 17 38 12 25 14 10 13 11 5 
417669601 2
1 1 
1048872189 6
4 4 13 5 15 4 
316856052 1
1 
1309206106 9
3 3 4 3 12 4 1 9 5 
1406221594 6
45 17 3 6 5 54 
1459901311 5
78 13 84 63 49 
266195024 2
8 2 
784331253 10
2 4 8 12 10 6 14 13 1 7 
1161608068 4
36 60 65 71 
837268495 3
72 65 49 
1083640675 4
72 5 45 63 
248384635 1
10 
2216342948 9
6 28 59 1 57 6 28 43 18 
256174813 1
65 
1380981591 5
9 24 50 71 78 
1984392877 8
34 3 16 9 34 3 21 16 
2094817886 9
95 55 81 90 94 95 25 15 55 
2320640723 10
13 30 38 76 33 39 16 35 53 61 
2561811359 10
25 77 46 71 44 29 63 69 7 25 
319087605 1
77 
1740940112 8
8 20 33 5 40 30 27 6 
1361690413 5
76 72 16 29 58 
619805717 7
6 6 4 6 4 6 4 
1192346120 7
16 2 16 6 2 14 16 
573768351 2
11 43 
1161652252 7
4 4 31 15 38 24 31 
604644147 2
39 33 
1224380499 6
7 2 7 2 5 7 
1375180746 5
54 2 17 53 54 
806497445 3
33 20 41 
1870697876 7
32 24 16 21 18 30 10 
696245418 3
8 16 5 
279476348 2
5 2 
249358493 1
27 
984408099 5
2 6 3 2 6 
1209712257 4
83 36 61 80 
1355560394 5
7 44 51 30 31 
751242573 9
4 1 2 4 1 2 5 3 7 
473822560 2
10 5 
2001789614 9
22 2 37 7 10 22 32 33 9 
682621456 6
3 3 3 4 2 4 
2358907149 10
46 16 66 26 57 13 48 50 24 30 
1389619147 9
9 4 9 4 19 17 5 15 9 
2379690232 9
1 32 54 4 29 42 9 44 25 
815719477 3
2 55 44 
729265785 3
17 32 7 
2113045575 8
39 44 46 17 76 42 21 1 
2160588225 9
22 36 16 14 35 34 22 7 36 
692411709 8
8 1 2 3 7 4 5 6 
317962777 1
2 
857617853 3
42 74 72 
308801152 1
47 
776890694 3
42 25 30 
1746159214 8
5 24 14 18 7 5 8 28 
2359576211 9
36 54 43 52 6 29 44 8 64 
281723134 1
11 
1328886951 9
13 11 13 10 1 6 5 15 17 
297691533 1
1 
916970433 3
40 35 21 
841859587 3
63 38 68 
2473628986 9
13 32 35 31 49 18 30 7 48 
1401570985 7
2 9 2 9 2 1 9 
2172796193 9
9 39 20 31 34 19 9 68 39 
1585166353 6
7 20 75 36 50 5 
1417181500 6
27 70 76 69 54 75 
318320142 1
21 
1879837500 8
1 11 38 56 43 1 9 28 
1342170981 5
44 29 52 33 49 
272838138 1
16 
1129181367 4
20 22 23 18 
1109200339 8
4 4 4 7 4 7 4 7 
2030987085 9
28 5 33 7 35 28 22 5 33 
1261100617 5
8 25 3 8 13 
2508792774 10
86 83 4 80 46 26 8 38 51 27 
1227225586 8
6 2 6 5 2 6 5 3 
922432660 4
10 30 38 7 
2379579268 9
63 27 41 34 67 25 66 47 49 
1574242457 6
22 4 80 21 9 41 
767957245 3
67 40 33 
1739645225 7
76 33 75 12 76 66 20 
2672291223 10
36 39 48 66 57 8 47 50 25 4 
2424305303 10
53 55 61 46 25 19 52 53 69 71 
516382512 2
4 10 
1342925108 6
15 3 14 15 2 3 
1722454687 7
24 82 2 57 83 6 42 
1858760441 10
11 14 11 7 8 9 14 11 12 7 
938373083 4
44 59 7 2 
208633703 1
1 
2081152002 10
8 39 9 3 43 69 8 24 39 65 
2140953374 9
25 16 73 33 54 28 68 37 58 
1819626105 9
20 23 4 28 20 26 23 4 28 
632122462 3
1 9 10 
320069576 1
56 
587580824 2
57 56 
1085444907 5
51 61 3 47 57 
375760972 3
3 2 1 
818670410 3
11 16 11 
1511187410 8
14 22 16 14 6 11 22 16 
1535292524 6
54 90 20 22 87 18 
324188826 1
45 
650603144 2
45 23 
2137390886 10
64 15 7 28 2 55 67 17 16 30 
649611660 3
2 5 6 
854019747 6
7 7 1 7 6 1 
1838247213 10
20 18 20 8 18 13 1 10 20 14 
1293141715 7
5 4 5 4 5 4 3 
1492992480 6
37 7 29 1 37 40 
327463179 1
49 
1938546511 8
86 7 46 19 65 57 86 2 
1290140495 5
25 2 26 9 32 
847338139 4
2 16 13 7 
1499133377 7
14 21 25 26 15 6 5 
916477558 4
23 47 35 49 
1170228306 7
5 11 15 3 10 14 12 
395573994 3
2 6 8 
1663595228 6
30 51 40 90 46 81 
2195434514 8
53 51 65 39 71 49 73 44 
965319152 5
42 4 16 17 25 
2092130567 9
69 61 37 1 7 13 30 9 31 
1136523658 4
16 77 86 10 
1579810925 7
22 9 12 15 22 4 3 
807478897 3
69 3 16 
1653572831 9
13 12 15 13 12 5 15 18 14 
545763966 6
2 2 3 2 9 3 
708582020 4
31 6 30 18 
94188962 1
1 
268929373 1
12 
1413091841 5
25 34 9 48 30 
1287794784 6
22 17 34 22 19 17 
849501319 4
9 6 9 1 
918016898 3
29 71 22 
438040457 3
1 1 2 
331374226 1
27 
572374756 2
37 38 
1490150122 8
1 12 3 1 11 2 12 3 
1601295306 6
36 16 72 57 48 24 
805596102 3
14 22 18 
2363537835 9
23 63 38 7 72 9 57 23 63 
245883592 1
19 
2104800599 9
40 13 32 45 21 17 40 13 35 
898100424 4
35 49 37 56 
323020794 1
22 
1194313708 5
6 23 25 22 3 
804133068 4
7 15 13 10 
2256031922 9
34 9 3 46 17 57 14 2 44 
315509642 1
11 
2243631521 9
36 38 27 92 61 33 40 43 41 
1464128584 7
31 53 12 38 43 64 52 
2481681073 10
58 33 34 28 21 10 58 33 76 34 
1262874419 6
7 64 6 21 2 38 
1032191346 4
74 19 2 55 
1839922836 9
20 16 29 20 1 5 24 30 11 
1138761601 4
74 37 92 85 
1446328576 6
63 6 64 49 5 61 
2466158857 8
12 21 43 59 88 87 33 98 
2181586994 9
23 30 61 75 15 18 31 41 34 
1256382654 5
53 69 32 6 9 
601137454 3
1 4 1 
1254924089 6
6 1 2 25 6 29 
1733490990 8
4 42 39 47 59 27 44 55 
1690599723 6
40 13 17 2 42 44 
270932499 1
22 
988906745 4
21 44 22 18 
1133332244 4
74 8 70 67 
128217961 1
1 
2759682831 10
94 57 37 75 16 10 61 25 26 6 
539484590 2
70 9 
1809319538 8
25 10 18 29 25 7 1 10 
765700615 4
12 24 8 12 
1138119154 4
15 5 22 81 
166361501 1
8 
1913583456 8
37 32 2 36 17 37 12 21 
322049697 1
27 
817230352 3
92 1 27 
2019399978 9
41 10 29 41 1 6 28 49 38 
2046383621 8
25 31 20 53 24 42 18 14 
320373989 1
4 
1351815510 7
5 10 21 17 24 1 18 
2247011028 9
61 35 73 65 1 53 14 61 35 
1512081101 10
15 9 2 8 4 15 19 9 6 16 
1250938319 5
11 4 37 13 23 
1974141275 9
33 18 19 48 66 72 69 64 55 
1045719659 8
6 1 6 4 1 6 5 4 
1919917312 8
61 30 39 8 37 42 52 54 
717969283 3
24 63 34 
407102671 2
16 6 
1128161288 4
80 56 34 29 
783930523 3
4 3 16 
1445133190 5
14 24 27 20 7 
1692314351 7
24 47 52 42 8 62 19 
994947369 5
15 2 15 12 8 
317773221 1
29 
1674139048 8
6 21 33 6 1 28 24 11 
1715363909 8
10 1 6 29 10 33 9 7 
504929042 2
45 3 
1222229248 4
18 14 13 7 
422089461 2
3 4 
1786090146 7
77 73 93 83 75 2 44 
2303292536 10
33 66 18 13 48 12 35 33 66 4 
331336611 1
8 
554190239 2
17 9 
1818902886 7
28 22 13 75 21 63 6 
1226126839 5
60 32 66 90 8 
2146731750 9
41 40 49 94 48 72 21 19 18 
2403350947 10
8 16 11 21 31 8 16 38 41 11 
1586089509 6
57 14 29 59 66 27 
820219090 3
15 38 41 
1640658271 7
14 29 28 36 1 52 14 
1716853682 8
4 47 45 43 2 4 47 37 
1290341729 7
13 27 29 5 14 28 13 
2622167389 10
54 21 86 52 77 8 34 3 74 41 
1097237738 4
3 39 37 32 
1591127988 10
15 15 16 4 12 15 5 16 2 11 
870084841 3
26 21 15 
1904683512 8
22 35 23 18 50 14 42 2 
1702758741 6
29 2 43 39 61 1 
328962829 1
10 
1654595701 6
41 51 65 8 40 2 
2082141334 9
41 29 55 3 24 54 41 23 35 
304375214 1
29 
1052880734 6
7 42 25 3 38 43 
2553673152 10
35 7 59 45 43 17 39 74 33 68 
938332014 4
37 47 28 34 
813706940 3
8 15 11 
1848438955 7
3 20 4 13 7 14 10 
708776804 3
14 9 16 
526753860 2
26 37 
601374479 10
3 3 1 4 5 1 4 5 6 2 
522212260 2
25 34 
960892513 7
9 9 6 9 8 6 9 
2146758407 10
47 23 15 47 6 10 23 22 12 15 
1648618175 7
62 51 29 49 8 3 24 
1156029187 5
8 13 5 25 4 
2041914308 8
2 54 51 20 28 42 52 18 
115303327 2
4 2 
1451014368 6
6 65 49 54 60 77 
658092977 3
7 3 5 
572950260 2
46 81 
1888456829 8
31 49 30 54 52 27 31 49 
1193581218 6
12 1 12 19 18 8 
2117837559 10
13 44 38 35 53 50 2 13 31 71 
1139929649 4
27 40 9 47 
1116193623 4
18 29 21 36 
814208087 3
46 18 14 
1655724411 7
55 7 68 35 48 70 71 
572030568 2
45 6 
1606713886 6
91 86 40 16 83 36 
937635460 4
4 17 4 13 
1127885817 4
9 22 34 6 
950193654 4
9 49 8 16 
2088330980 10
15 86 79 59 66 35 33 62 83 36 
1334000644 6
22 36 33 23 35 22 
509123539 2
3 24 
612236805 2
11 34 
580603227 2
88 30 
783383738 3
2 7 31 
1121822031 6
12 10 15 12 7 10 
1106008094 4
48 17 34 47 
2290678727 9
4 10 7 8 75 40 30 25 5 
1645145199 7
21 54 37 18 64 26 21 
316721147 1
31 
1809870687 9
19 25 20 19 29 24 16 25 20 
2619313326 10
14 13 63 43 31 16 28 51 23 52 
1094271234 6
8 1 8 1 14 12 
2311085139 9
67 24 23 33 32 38 37 6 17 
1858973899 8
17 6 1 10 22 27 3 17 
2397913545 10
18 80 40 9 26 59 2 57 49 28 
2375737691 10
48 52 74 68 35 67 64 26 69 31 
365229445 2
11 2 
1105575306 6
11 8 11 8 7 4 
591169289 2
37 6 
1449190317 5
53 44 50 83 60 
249967202 1
1 
536652891 2
59 26 
2228404439 9
23 36 51 66 4 62 25 46 23 
2008432255 8
36 17 48 50 71 15 11 9 
610775406 8
1 2 1 2 3 1 2 3 
783267800 3
2 26 67 
95234099 3
1 1 1 
2004230922 9
6 38 29 33 39 35 6 38 30 
2092885831 8
42 46 87 37 5 24 26 40 
1249269327 5
36 82 68 46 42 
1006118190 4
48 55 22 13 
149401446 3
1 1 1 
1110220820 4
11 19 8 31 
1818303964 6
61 37 4 32 42 28 
1067718802 5
3 16 6 10 19 
1672109028 7
14 50 18 13 37 66 44 
932218119 4
22 10 11 37 
2081408383 9
23 49 70 40 25 26 8 36 7 
1636426857 9
8 4 8 6 4 10 6 10 3 
1227258601 10
16 6 8 16 3 6 8 10 16 3 
539939717 2
9 2 
1183465258 4
51 40 62 26 
1533474311 7
52 44 18 14 20 50 52 
1260224777 5
38 34 10 57 40 
269657562 1
2 
1830912231 6
17 29 8 50 5 27 
1147927319 10
2 1 2 7 8 1 2 7 6 8 
454787132 3
2 1 2 
1476072176 6
32 13 18 5 32 8 
879271974 3
40 68 84 
1720692079 8
16 4 36 6 3 1 16 26 
171006697 1
4 
2211860178 9
20 3 10 62 65 43 67 14 76 
1666618708 7
5 41 28 8 5 10 41 
1868916001 8
12 35 3 58 15 55 18 8 
841871498 3
9 4 25 
806086846 6
6 8 7 6 8 7 
2194738205 9
20 36 28 23 4 9 7 35 34 
1606003305 6
41 63 55 59 11 31 
1669844000 10
10 24 10 19 9 17 4 24 6 1 
1565351601 6
33 11 9 6 37 33 
720636945 3
6 44 37 
624189686 3
16 1 16 
1236119474 9
15 19 12 16 18 17 15 19 12 
245599868 1
1 
2199152963 10
11 25 34 17 36 22 31 11 27 25 
1080583574 4
87 64 79 26 
2420651375 10
18 35 62 43 41 76 38 5 18 35 
597499365 2
31 4 
1051176554 4
15 46 50 36 
1669463687 8
27 15 18 1 27 15 16 24 
1049925186 4
21 39 28 45 
1417377782 9
6 6 8 7 6 15 8 7 11 
2453858345 10
8 10 56 55 11 16 23 9 8 10 
2190567004 10
54 30 16 43 5 3 49 53 27 38 
1155379131 8
5 5 2 4 5 2 6 4 
1886261808 7
86 20 23 1 63 4 38 
290896667 1
24 
2216882657 9
87 79 91 38 46 90 73 51 8 
1658677459 6
42 72 27 19 61 31 
1129153129 4
2 30 20 10 
1915665501 9
56 29 54 5 12 23 14 2 56 
676571896 3
1 5 1 
1875617398 7
6 88 87 17 30 45 22 
1503529053 6
49 3 32 83 67 17 
282620855 1
87 
603446622 2
7 14 
960272419 8
5 5 5 4 1 8 5 4 
570843636 2
12 33 
1726178816 6
91 29 30 71 50 97 
1296964234 9
5 9 5 18 2 3 9 17 4 
1005417010 4
18 27 25 2 
613439948 2
59 11 
1336839706 5
63 9 84 51 49 
1684444495 8
20 22 1 16 15 19 27 20 
1207473637 4
3 41 39 22 
523220796 2
60 17 
808568396 6
11 10 14 22 17 21 
584994057 2
54 91 
348285363 2
4 9 
1078242577 4
22 3 1 24 
707802809 3
76 37 8 
835657416 3
43 27 17 
1813492913 9
36 44 36 44 3 46 40 35 32 
2230848749 10
9 56 19 17 32 9 88 21 20 54 
576429478 4
3 3 3 1 
1316853153 5
22 25 51 42 73 
900555585 4
8 1 10 21 
325609921 1
15 
1532918805 6
28 40 49 66 50 69 
246925576 1
3 
914257599 4
9 19 21 12 
2670439987 10
68 19 81 67 71 97 35 76 59 1 
1585247886 9
17 20 17 16 21 8 14 23 7 
318581007 1
42 
1523594140 6
65 21 26 80 25 54 
1650598529 7
52 53 9 52 11 25 53 
1541616012 6
70 8 75 78 57 70 
416767262 2
14 16 
2506486277 10
31 46 53 76 50 70 44 74 20 31 
2059002489 8
24 44 17 54 1 30 24 44 
1891163022 9
25 23 6 20 9 3 25 23 6 
1987301093 10
24 25 6 26 7 29 13 24 19 12 
609814959 2
24 6 
314496094 1
64 
813983363 3
81 19 64 
1419749950 6
58 57 74 64 46 63 
1435804485 5
72 26 17 76 77 
1907472603 7
78 49 26 71 69 62 1 
2262785995 10
46 34 4 20 43 5 24 52 45 6 
699616342 3
46 75 34 
2185604754 8
41 76 27 24 77 67 39 57 
999647859 4
39 29 23 19 
603516019 2
8 12 
772285735 7
1 1 1 6 1 6 1 
2381952217 10
53 7 24 28 59 65 55 37 48 63 
1086557904 4
53 12 69 51 
413759132 2
1 10 
585560008 3
10 10 4 
331988003 2
22 21 
597201415 2
33 41 
1321545505 5
40 8 15 21 29 
546698702 3
49 24 3 
452590150 2
3 3 
488072702 2
9 24 
309399553 1
1 
886910254 3
19 3 57 
318352525 1
5 
288246237 1
40 
724647071 5
5 5 1 5 6 
1388680410 6
16 21 10 14 4 20 
2140874692 9
11 22 27 2 9 23 11 40 35 
756970576 6
8 9 5 8 6 9 
1632855568 8
4 14 26 18 24 4 15 14 
1036852907 4
43 13 8 43 
493919013 8
2 2 2 1 2 1 2 1 
1306200100 7
10 19 23 18 12 10 14 
573651206 2
15 10 
1930501492 9
28 22 10 4 19 1 28 35 22 
1411264837 6
6 4 30 13 2 49 
2526125884 10
32 1 54 38 56 34 25 5 20 46 
594555832 2
15 25 
503676177 2
1 42 
1660387370 6
66 49 4 57 9 5 
606577428 3
5 16 9 
1069740807 4
75 81 59 31 
2069591486 10
35 28 5 39 25 17 13 16 34 11 
1825686347 9
54 52 9 31 54 15 28 16 52 
1013714290 4
40 1 3 15 
1088528602 4
4 9 75 89 
878160096 3
8 11 22 
285479569 1
2 
1833448475 9
34 13 42 1 39 32 28 34 16 
1669013552 9
29 14 11 39 10 28 1 2 29 
228055621 3
1 2 3 
846711300 9
2 2 3 2 3 3 1 1 1 
1476647034 6
25 86 11 6 91 42 
782306847 3
18 36 22 
2178643750 9
98 67 30 50 81 57 16 97 82 
1824620190 8
18 21 17 20 43 28 33 18 
2028634440 10
17 20 1 13 17 22 14 20 23 38 
1212972307 4
68 55 3 81 
555605237 2
7 1 
1358628876 5
26 51 52 10 34 
434481530 3
2 2 2 
2252027201 10
44 40 18 31 34 20 54 33 44 3 
2174484184 10
70 58 62 51 15 21 5 66 47 22 
1151034744 5
19 12 14 36 37 
1281850702 6
2 5 11 2 3 5 
1013733091 4
50 41 31 14 
1303867782 8
27 2 27 5 24 9 2 18 
2027653688 9
6 2 16 53 58 34 6 25 39 
551760725 3
4 4 4 
1072922782 4
45 26 28 29 
1107882400 4
88 84 38 62 
802228378 3
10 36 26 
543303664 3
2 3 2 
1858135755 8
19 23 55 75 65 25 26 38 
2514830524 9
61 20 6 56 36 27 67 64 5 
1610188207 9
14 11 6 14 11 9 2 12 6 
1684015559 6
28 78 41 8 66 7 
844372330 3
54 84 8 
278506874 1
32 
817824202 4
10 1 3 20 
2521309601 9
33 55 82 13 44 9 78 63 52 
631101384 3
5 9 10 
2645156394 10
19 33 45 11 37 6 61 4 31 59 
862501583 3
9 82 79 
1209729081 4
38 18 23 41 
484463932 2
6 8 
277826095 1
3 
1932920225 8
47 61 54 14 47 15 61 29 
548202778 2
7 25 
1039963136 8
2 2 10 3 10 3 4 8 
2225510011 10
31 14 5 16 31 14 5 16 20 1 
1075553750 4
15 16 17 1 
300097057 1
12 
932983848 3
59 60 92 
261916169 1
61 
684776896 8
6 2 6 2 5 7 5 7 
219109087 1
14 
1065614905 4
24 13 39 22 
537360290 2
25 27 
1719463035 7
24 7 28 31 15 42 9 
589764988 2
43 50 
1237730308 8
8 5 4 3 8 9 5 4 
2123065912 9
27 4 28 19 1 27 21 4 28 
516135741 2
14 22 
1893839805 8
17 43 20 68 22 70 15 17 
928176393 10
4 4 2 4 2 4 2 4 2 4 
39127531 1
1 
958720333 6
13 3 6 7 5 11 
1856014765 10
27 19 27 29 26 19 9 15 27 17 
332358251 1
8 
586443703 2
4 28 
1159827730 4
25 16 40 27 
1505124002 7
60 53 49 62 5 7 42 
2108108840 9
14 37 40 16 44 14 37 66 64 
1869338378 8
21 46 40 2 44 13 18 1 
775078701 3
2 54 47 
1416126673 6
24 18 24 18 10 9 
591885468 2
9 14 
1184079169 4
49 54 4 37 
752371451 3
45 12 5 
1773535759 8
24 22 18 24 13 28 34 22 
580191052 2
72 3 
2025538458 8
9 3 50 20 40 68 6 9 
2270331947 9
50 43 90 84 35 17 63 59 66 
1694080963 10
11 30 18 13 38 17 23 41 11 30 
1579229630 6
6 36 39 66 40 3 
1179991601 7
35 26 24 7 23 41 35 
795183340 4
8 18 8 19 
592238407 2
53 41 
1774388872 8
48 23 74 84 13 14 48 23 
1368411458 5
21 60 68 17 48 
1995530285 9
48 33 11 17 18 35 34 7 4 
910874387 3
5 80 50 
1984099941 10
45 41 47 18 14 38 20 15 44 5 
681141890 5
8 1 3 12 4 
1028846488 4
11 4 27 7 
1281571262 5
8 40 74 44 31 
970643626 9
4 5 4 5 6 1 4 5 6 
2359771853 10
58 50 16 9 10 7 57 38 58 14 
308001622 1
1 
1676262307 6
58 5 42 50 34 63 
1071765148 4
21 8 54 22 
272881235 1
8 
1594748723 6
17 42 69 73 21 17 
584382643 2
84 66 
1181460732 4
8 77 13 27 
332425301 1
78 
469942902 2
26 28 
1174341277 8
1 2 1 2 1 2 3 3 
1274161917 6
8 18 1 6 16 8 
1465262941 6
2 14 25 2 18 14 
2192455290 10
24 1 26 2 24 16 9 1 26 30 
1636333246 6
22 56 33 50 61 55 
1548659770 6
23 32 21 4 14 10 
1025016511 6
1 7 10 17 15 4 
832456493 4
8 20 8 6 
1377281119 6
49 11 39 44 27 52 
335412372 2
3 28 
1174585454 5
5 8 2 11 6 
591622983 2
24 35 
1436133855 6
28 1 7 27 18 28 
1817883615 9
3 18 5 2 16 10 3 4 18 
998918867 8
4 4 13 6 4 8 1 13 
736365126 3
5 6 5 
2578196745 10
75 21 32 92 34 11 53 83 15 24 
1035860860 4
1 43 18 28 
1195813952 10
16 6 15 9 16 13 6 8 15 4 
1440204082 6
11 24 10 14 27 11 
1379821394 6
1 8 82 43 72 74 
952663615 3
7 6 62 
241201422 1
43 
799269800 3
24 61 88 
1334171412 8
4 2 4 2 4 2 4 1 
510991077 2
9 7 
2366425595 10
11 4 44 21 63 53 3 48 11 28 
2629386034 10
37 73 71 69 13 63 54 20 25 9 
1197447497 7
20 21 18 2 12 15 20 
1662738083 6
2 69 60 61 36 7 
265406689 1
5 
799530874 3
8 48 35 
1201902977 5
40 53 34 4 92 
1766015765 8
32 13 35 19 16 32 13 35 
1336931945 5
54 70 30 48 77 
1271252809 9
18 17 18 7 13 5 17 18 7 
1937612426 8
52 4 33 52 4 54 31 13 
559139094 2
39 57 
919328543 4
51 1 46 10 
2375840320 10
57 55 15 18 63 26 25 53 57 69 
921428799 6
9 9 4 9 3 1 
2193667528 10
29 13 17 53 1 24 31 15 3 8 
918334171 4
52 37 8 21 
2027464925 9
4 5 26 7 17 4 10 29 5 
1343834800 5
1 27 78 4 44 
824127104 4
52 5 42 17 
280392903 1
15 
1025542155 5
30 22 2 30 22 
1230787467 4
62 40 44 53 
5741615 4
1 1 1 1 
328045368 3
5 5 1 
2141885227 8
27 17 53 16 21 25 57 27 
1506707133 5
84 15 65 24 34 
428159240 2
8 14 
1496451800 5
35 78 66 48 29 
1905311631 9
18 15 28 33 8 4 40 18 22 
588529521 2
9 4 
1907180847 7
40 63 23 75 5 1 21 
2004962029 9
44 61 35 5 58 8 18 44 22 
2133094926 9
35 67 48 93 11 17 78 79 41 
201132249 3
2 1 3 
1328507184 9
19 17 5 12 4 13 14 15 20 
2376445391 10
42 21 57 46 22 62 42 51 3 73 
411082277 3
8 7 8 
1213204971 8
5 8 5 10 8 5 10 8 
322845825 1
45 
1997394622 9
44 26 35 53 45 24 9 47 38 
874098131 3
31 32 5 
841124804 5
22 22 1 9 22 
2160173410 10
33 36 53 4 40 31 33 42 32 36 
444825856 2
1 8 
1290848613 5
9 2 5 50 71 
748879482 3
38 36 37 
328144434 1
49 
1857748734 8
15 75 10 19 12 31 68 42 
566909114 2
53 20 
905850713 7
8 5 11 8 5 11 10 
355086732 2
6 6 
2344708241 9
32 14 41 20 34 42 17 9 30 
2005870005 8
24 7 20 12 25 24 2 11 
601781015 2
18 61 
2380702829 9
71 83 53 66 87 22 78 88 43 
1219256791 4
20 49 7 83 
313844493 1
43 
891317449 3
24 14 73 
1144864158 4
29 33 9 29 
1386160223 6
1 21 44 29 25 45 
497436486 2
25 32 
864191267 10
2 2 4 2 4 2 4 2 1 4 
539886872 2
9 74 
330254566 1
17 
1803871085 8
30 24 19 7 49 10 35 73 
158089111 1
4 
1943884265 10
18 41 1 10 25 51 55 40 27 11 
331436477 1
17 
1327941663 5
18 8 43 19 38 
901436294 4
10 10 12 2 
1996880950 7
61 85 49 4 39 81 34 
840973532 3
43 32 52 
1437449149 7
9 19 28 9 6 8 19 
300989677 1
48 
393774292 2
3 1 
2277255834 8
22 78 45 12 42 63 31 25 
1877573757 8
20 24 27 39 29 13 23 20 
2192615748 9
14 6 54 22 42 44 15 13 41 
1561889972 7
23 25 35 54 23 16 19 
2315327633 10
30 9 10 54 44 49 6 2 1 56 
1902213118 8
35 38 28 15 35 8 38 16 
1388917768 5
46 81 79 9 27 
1584398922 8
34 8 34 5 13 14 50 3 
488328861 3
4 8 17 
638094265 4
6 3 7 5 
973608664 4
41 17 24 47 
792910421 4
15 15 8 14 
1065865815 7
6 5 1 6 7 5 10 
273525196 1
32 
1265880263 5
33 41 78 27 59 
1045102197 4
52 14 22 57 
302667210 1
71 
49977601 2
1 1 
1210273521 4
2 42 32 46 
576177331 2
36 33 
1340823678 5
23 52 3 45 40 
869410683 4
50 39 8 62 
1524863303 9
16 15 29 39 16 35 47 10 38 
314648673 1
51 
1440357328 5
48 7 17 57 10 
574882783 2
19 11 
578268585 3
3 6 3 
761453203 4
6 7 8 30 
608541116 2
68 66 
2820210035 10
38 79 42 16 68 49 21 30 93 62 
457633537 8
1 1 1 1 1 1 1 1 
806846201 5
11 8 16 15 11 
1513842757 7
12 14 37 26 7 6 12 
1002518469 4
5 26 5 8 
517643850 2
55 42 
1774950841 7
61 62 7 19 60 61 15 
1285039164 6
58 10 35 18 23 43 
1427709553 8
15 11 21 9 24 20 1 8 
220975327 1
13 
632863692 2
80 13 
1335510633 5
16 37 22 16 9 
2066378555 8
55 47 14 17 1 18 62 44 
570668625 2
11 91 
582401461 4
6 6 2 3 
300583897 1
6 
303689221 1
59 
2175367987 9
68 33 39 17 51 9 2 12 57 
707772200 10
2 2 4 5 4 5 3 1 3 1 
1783662774 9
8 1 22 16 41 25 13 34 24 
1230151695 10
18 13 18 6 13 18 6 13 19 18 
1909722524 10
23 4 21 13 16 23 15 3 4 21 
1697142834 7
30 7 57 20 5 74 17 
1195712234 4
17 23 64 56 
946516079 4
5 4 31 12 
1384888645 5
40 39 48 25 40 
1146161142 5
3 56 23 20 15 
1717640848 7
16 29 1 17 10 16 2 
2357172233 9
17 26 67 15 4 12 8 17 30 
554208132 2
17 20 
1113421273 4
6 10 62 67 
2418405840 10
52 6 47 71 38 59 42 67 2 17 
