208364903 8
2 2 2 2 1 2 1 1 
194134126 5
1 1 1 1 1 
1062918614 9
8 3 4 8 6 3 4 8 6 
549413694 6
1 2 1 2 3 1 
299036062 4
2 2 1 1 
315091845 6
1 1 1 2 2 2 
835383610 7
4 1 4 1 5 2 8 
539983845 3
5 5 1 
532882838 3
2 2 1 
866750035 9
1 5 1 5 1 5 1 7 5 
739653584 7
7 7 8 1 3 8 4 
944303275 10
3 3 1 4 5 3 1 4 5 1 
1541402623 10
6 5 6 5 7 1 6 5 7 1 
583019872 4
5 3 5 2 
298838391 4
3 2 1 3 
86636117 2
2 2 
374277411 9
1 3 1 3 1 4 3 1 4 
700977885 3
3 5 3 
1062511754 10
5 5 7 5 7 6 2 8 3 5 
1476861011 10
2 1 2 1 2 1 2 1 2 1 
549794778 6
2 7 6 3 4 1 
698257431 9
3 3 3 1 3 1 2 3 1 
148294437 3
1 1 1 
726047352 7
4 6 4 5 8 6 4 
24991205 1
1 
103913710 2
1 1 
1075390763 9
1 1 3 1 3 1 3 1 3 
591098152 5
3 4 3 4 2 
186446947 1
7 
507613688 2
2 5 
1412422151 10
5 1 5 1 3 4 5 1 3 4 
384051304 8
4 4 4 4 4 4 4 1 
561511080 3
3 7 3 
99725784 4
2 2 1 2 
1513436820 9
1 6 1 10 6 1 10 5 6 
357476757 7
1 1 1 1 1 1 1 
385687752 7
4 4 3 3 2 2 1 
343766688 5
4 4 4 5 1 
31287592 8
1 1 1 1 1 1 1 1 
917765261 8
2 2 2 1 4 1 4 1 
197696664 1
4 
575241471 6
7 7 7 1 7 1 
1115271569 5
1 3 1 6 3 
269966433 1
2 
16820483 5
1 1 1 1 1 
171218025 2
1 1 
964871208 8
7 7 8 7 8 4 7 8 
329093037 4
1 4 1 5 
730581177 10
2 5 2 5 2 4 5 2 4 5 
407006821 2
6 9 
699189253 7
3 3 3 3 1 2 3 
2773322 4
1 1 1 1 
80176207 2
1 1 
246473782 1
6 
494241848 8
1 2 3 1 2 5 3 1 
512592956 6
3 3 1 1 2 2 
90009984 1
1 
552867120 5
7 4 1 6 5 
329037841 2
1 1 
995138033 9
10 3 2 6 4 10 3 2 6 
329951170 5
2 1 2 1 2 
1376459497 9
4 1 4 1 10 2 5 4 1 
928057519 8
1 1 1 1 1 1 1 1 
1119376198 9
7 4 7 4 7 5 2 1 4 
827565601 4
3 4 3 9 
179397583 1
2 
757510065 5
4 4 4 3 4 
1192862842 6
1 6 1 6 5 5 
414097930 10
1 1 1 1 1 1 1 1 1 1 
765365837 9
3 3 3 3 2 2 4 1 5 
1501434728 9
5 2 5 2 4 5 2 4 5 
1544928032 10
9 3 5 9 3 5 7 6 9 3 
955413748 6
1 3 1 2 3 1 
578903829 4
2 2 2 2 
550074640 4
2 4 2 4 
227498042 9
1 1 1 1 1 1 1 1 1 
3080239 7
1 1 1 1 1 1 1 
190979409 10
1 1 1 1 1 1 2 1 2 1 
1004997166 8
2 7 1 2 7 1 2 7 
366149448 9
1 3 1 2 3 1 2 3 2 
765485542 9
9 1 3 2 4 6 7 8 5 
654632438 9
3 3 8 4 7 8 4 7 5 
1001507600 9
2 1 3 2 1 3 2 1 5 
566460076 3
1 2 1 
771132176 6
1 1 1 2 3 1 
560131588 3
6 3 1 
348171471 4
6 2 6 2 
400993768 5
2 2 2 1 2 
796651776 6
2 2 1 2 1 1 
65552130 2
1 1 
972993435 7
5 1 5 1 6 5 2 
977725856 6
8 6 3 4 8 6 
34504470 1
1 
395854784 2
1 1 
549942296 10
2 2 2 2 1 2 1 2 1 1 
219133631 3
2 4 2 
586614524 6
2 2 1 2 1 2 
1027218982 8
3 4 3 4 3 2 4 5 
125646154 3
2 1 2 
172378832 2
5 2 
1026356427 10
6 7 6 7 6 5 7 6 5 3 
151596495 6
3 3 2 1 3 2 
679324457 10
2 5 2 5 1 4 1 4 3 3 
327693849 3
2 3 1 
729465463 4
8 8 1 8 
1098809908 10
1 1 1 4 1 4 1 4 1 4 
1540045476 10
6 6 2 6 3 2 1 6 3 2 
879886914 7
6 6 6 2 6 2 1 
772220886 6
4 4 4 3 4 3 
463609775 7
2 1 5 2 1 5 2 
458009662 3
1 3 8 
795873328 5
1 2 3 1 2 
372234568 2
4 2 
757344703 4
1 1 3 1 
904785919 4
4 3 4 3 
626594397 3
8 2 9 
509769432 7
4 4 1 1 2 2 3 
1076871972 7
9 7 9 5 7 1 9 
95215280 5
2 2 2 2 1 
428108227 6
3 3 1 1 2 2 
171795250 1
5 
819355043 5
2 1 2 5 4 
734692947 10
2 3 2 3 2 1 3 2 1 3 
359722964 5
4 1 5 3 2 
907373559 10
4 4 3 4 3 4 3 4 3 2 
546312735 5
4 3 4 1 3 
1201516833 9
8 1 8 1 7 8 1 7 8 
820050515 9
1 1 2 5 4 2 5 4 3 
675963168 6
2 2 2 3 2 3 
954739732 5
3 2 3 2 5 
644204576 5
1 2 3 1 2 
419765083 4
6 8 2 4 
1202487525 8
1 1 8 7 1 8 4 7 
815274591 4
5 2 1 8 
791717276 9
3 2 3 2 3 2 1 1 1 
339211130 3
5 2 3 
1115970826 8
2 4 2 4 2 1 4 1 
1339297191 8
8 4 3 6 9 8 4 3 
660628105 5
1 1 4 1 4 
187062665 2
2 1 
106011830 3
1 1 1 
438020805 6
4 1 4 3 1 3 
393480009 3
2 1 2 
429051303 5
4 5 6 2 1 
249167439 1
3 
179160832 1
5 
592519479 4
1 1 3 3 
88643915 7
1 1 1 1 1 1 1 
153977392 1
4 
1129822241 6
2 1 2 4 1 2 
931564275 6
3 6 5 3 6 5 
589159523 9
1 4 1 4 1 4 5 3 5 
310097875 7
1 1 2 1 2 1 2 
157584854 2
4 4 
583997519 5
8 5 8 2 1 
86936650 1
1 
1146354 1
1 
234165174 1
8 
853092291 8
5 6 1 5 6 2 1 5 
698116199 5
9 8 5 9 8 
523626207 7
3 3 3 1 3 1 3 
502796254 8
5 1 3 5 1 4 3 5 
1101961395 8
4 4 5 3 4 6 5 3 
739598832 4
4 3 7 9 
242600542 3
2 1 2 
1098034467 8
1 2 6 1 2 6 4 3 
1176440938 6
3 5 4 2 6 3 
458903280 3
1 1 1 
221673959 2
1 1 
443726045 2
2 2 
179465349 1
3 
759134264 9
3 3 2 1 3 2 1 3 2 
48944587 2
1 1 
247083241 1
8 
1849185008 9
9 6 2 9 6 5 2 9 6 
547986248 8
3 1 2 7 6 4 8 5 
1098706719 10
5 5 5 3 8 4 9 2 5 3 
129802746 5
1 1 1 1 1 
1251059942 9
7 5 2 3 7 5 2 3 7 
538839484 2
4 5 
129491349 4
1 1 1 1 
352518061 5
3 2 4 5 1 
255878900 5
1 1 2 1 2 
250771524 3
6 4 5 
454974453 6
2 2 2 2 4 1 
867692084 7
5 4 3 7 5 2 4 
780432558 8
5 2 5 2 7 5 1 2 
369048774 4
1 1 2 2 
716087432 3
1 5 2 
651180585 8
2 2 2 1 2 1 2 1 
232192463 2
4 5 
1026009658 10
3 1 8 3 6 1 8 3 6 1 
587612323 3
6 6 3 
637633016 4
6 6 6 3 
678743023 5
2 2 4 2 5 
405617159 8
1 1 1 1 2 1 2 1 
283580781 4
3 1 3 1 
114982376 2
2 4 
1277516811 9
5 5 7 2 5 7 4 2 5 
500250822 4
8 8 7 8 
315486167 2
3 3 
1013677548 10
5 5 4 3 5 2 1 4 3 5 
78718054 1
2 
496222914 6
1 2 1 2 4 5 
50841131 9
1 1 1 1 1 1 1 1 1 
419811225 4
2 2 2 2 
656093242 5
3 3 8 5 3 
1281922823 7
4 3 4 3 4 2 3 
441932077 6
3 3 1 1 2 2 
301849392 2
1 1 
610943258 6
4 3 4 5 3 4 
147361977 2
2 1 
1014827534 9
3 3 5 3 5 5 2 4 2 
953213124 7
3 3 4 3 4 3 4 
415971 4
1 1 1 1 
230378211 3
1 2 3 
530081153 3
5 8 3 
977290820 10
4 6 3 4 6 1 3 1 2 2 
28884733 6
1 1 1 1 1 1 
7515520 8
1 1 1 1 1 1 1 1 
304282957 4
1 1 1 1 
247091661 2
5 1 
630730923 9
3 3 3 5 3 5 3 1 5 
393286542 3
10 2 8 
362449927 2
2 2 
888965354 6
7 1 7 4 9 1 
506817632 8
3 3 2 3 2 3 1 2 
187160301 2
2 6 
476512712 2
8 8 
233598304 4
1 1 1 1 
334238288 8
2 1 2 1 2 1 2 1 
419864025 4
3 3 3 2 
188476083 2
4 1 
278121387 1
5 
1004072910 5
5 3 7 5 3 
917668072 7
7 1 5 2 3 6 4 
1713291810 8
2 6 3 2 8 5 6 3 
139029440 2
3 4 
440638399 4
5 3 4 2 
127863507 2
2 1 
475240093 3
1 1 1 
407639946 2
3 2 
748064138 3
5 4 7 
850168512 6
2 6 2 6 2 6 
561293230 3
1 1 1 
398419471 5
1 1 3 7 1 
216864955 5
1 2 1 2 1 
643006773 6
5 1 5 1 5 1 
1055631247 9
3 3 1 4 3 1 5 6 4 
678888561 10
3 1 3 1 3 1 3 1 3 1 
635924044 5
3 9 3 7 9 
214952096 6
1 1 1 1 1 1 
202976563 1
2 
445559195 3
2 2 2 
315782444 3
2 1 3 
89566957 2
2 2 
677082216 4
2 4 1 3 
830638082 6
4 5 4 5 4 5 
926131595 4
3 2 7 1 
374412057 4
4 5 4 3 
876922662 4
6 1 6 4 
122638973 6
1 1 1 2 2 2 
167234056 1
3 
570029173 5
9 5 3 9 2 
261057926 1
4 
290723580 1
4 
1161901200 8
3 3 8 3 8 3 7 8 
412609635 6
1 3 1 2 3 1 
807365351 9
6 5 6 5 6 2 4 1 5 
752486360 5
6 6 8 7 6 
620532532 10
2 1 2 1 2 1 4 2 1 4 
658108193 5
3 3 3 3 3 
1044434950 7
4 5 4 5 7 7 8 
968763244 6
3 1 3 1 6 2 
1211544998 7
1 4 7 1 4 7 3 
781339387 5
2 4 5 2 4 
555471948 4
6 5 6 5 
834730022 9
3 7 2 3 6 5 7 2 3 
1013075380 7
1 1 3 1 4 3 1 
805173608 5
10 10 10 5 8 
508913099 3
1 1 4 
579973518 6
3 3 3 3 4 3 
220250649 2
2 7 
596240497 7
3 5 4 3 5 4 3 
1319435391 9
5 1 2 5 1 2 7 5 4 
807239069 6
5 5 4 2 4 2 
360116525 2
1 1 
586688361 8
2 2 2 1 2 1 2 1 
61326072 1
1 
488504164 4
3 3 3 5 
278076161 3
7 5 7 
492869926 4
3 3 1 3 
360631922 5
3 1 3 1 2 
1135112983 9
7 6 7 6 7 6 3 4 7 
536847580 4
4 3 7 4 
170713573 1
8 
930811257 9
2 8 9 3 7 5 6 1 4 
245034113 2
5 5 
580868905 7
1 4 1 4 1 4 1 
433844188 3
7 5 10 
1733732362 9
8 9 6 8 9 5 6 2 8 
364459697 4
4 1 3 2 
461273040 4
3 2 3 2 
1380781616 9
9 9 7 5 2 9 7 5 2 
857937950 10
8 7 9 8 7 9 6 4 6 3 
1062671984 6
4 2 4 2 3 3 
368671626 3
4 4 5 
561249585 9
3 3 3 4 3 4 3 4 2 
283740980 9
1 1 1 1 1 1 3 1 3 
17499862 2
1 1 
483479352 2
3 4 
887222795 6
1 3 4 1 3 4 
852149413 10
1 5 7 1 5 7 1 5 7 1 
280365937 2
1 1 
668206852 6
4 8 6 3 4 8 
256336248 1
2 
611364934 9
1 1 1 2 2 2 3 3 3 
175979109 5
3 4 2 1 5 
332420191 5
5 1 3 2 4 
195038491 2
2 5 
544509348 6
6 1 4 5 3 2 
681272829 4
3 3 9 3 
807910800 3
5 8 4 
400793180 4
1 1 6 4 
33476800 1
2 
355535296 9
1 3 1 3 1 3 1 3 1 
202491740 1
8 
893073117 5
3 6 3 5 6 
941013164 8
1 1 1 4 1 3 4 3 
468871948 9
5 1 5 1 5 1 3 5 2 
700475434 7
1 4 6 2 3 5 7 
1288494358 10
3 3 3 2 3 2 1 2 1 6 
177365510 1
6 
935296535 8
8 8 8 9 5 8 9 2 
926746743 5
5 5 9 1 9 
223863843 7
2 2 2 2 4 5 1 
931886041 7
4 7 4 7 4 7 3 
307256720 2
7 3 
274870405 2
1 1 
370262249 2
2 2 
1008807201 6
9 1 2 4 9 1 
438700292 5
1 1 3 4 3 
174221830 3
2 2 6 
903863635 7
2 2 2 2 2 1 2 
458249589 3
2 7 6 
542543027 2
5 5 
269820801 1
4 
730599274 5
4 2 4 6 9 
248723743 4
1 1 1 1 
344537890 5
2 2 2 2 2 
1220530967 9
1 1 8 9 8 2 4 9 2 
377764493 2
1 3 
1413318079 9
9 9 10 8 9 10 8 2 6 
459875854 6
1 1 3 2 1 3 
1368233133 10
10 5 10 5 10 2 5 6 10 7 
610363380 9
3 2 3 2 3 4 2 3 4 
1050325305 9
1 2 8 1 2 8 1 2 9 
507903942 3
3 3 3 
705457899 3
5 6 2 
515561539 8
2 2 3 2 3 2 3 2 
1644530318 9
3 6 5 3 6 5 3 6 5 
1073952661 8
3 6 7 4 1 5 8 2 
108254277 1
1 
475866662 3
5 10 1 
141418152 1
2 
695553029 3
1 2 1 
831231780 8
1 4 1 4 1 4 1 7 
982155046 9
8 6 8 6 3 4 1 3 4 
219197717 1
6 
775167097 9
3 3 6 5 3 6 5 2 3 
523227 1
1 
432714118 3
6 7 5 
133366318 3
1 6 5 
869596024 9
5 5 1 5 1 2 4 5 1 
664209035 7
3 3 5 3 2 4 5 
1773309295 9
1 9 3 1 9 3 1 9 4 
975179367 6
5 5 4 4 1 3 
929891805 6
3 6 3 4 6 3 
152974190 1
1 
920073673 8
3 5 3 5 2 3 5 2 
651094988 5
2 1 2 1 2 
133752416 1
1 
334395688 4
1 1 1 1 
502910813 7
1 1 1 1 1 1 1 
776022108 9
4 4 3 4 3 1 4 3 1 
464388991 5
1 3 1 6 4 
875085397 10
1 1 2 1 2 1 2 1 2 1 
808137125 8
5 5 5 1 5 4 1 5 
920579234 4
7 3 7 2 
126307981 9
1 1 1 1 1 1 1 1 1 
95983263 6
1 1 1 2 2 2 
276702609 3
4 3 4 
882702992 7
2 5 2 5 2 5 1 
353666017 3
1 2 3 
660042935 10
5 5 5 3 5 1 3 1 3 4 
277188213 2
1 1 
1120182199 6
3 1 9 10 3 1 
549405207 6
3 2 4 5 1 6 
1466998044 10
3 5 1 3 5 1 3 2 5 6 
402188342 4
3 3 2 4 
293534229 1
6 
627942685 8
4 3 4 3 2 1 2 1 
1088549232 9
3 2 3 2 3 2 3 2 3 
767948886 9
1 2 1 2 1 2 1 2 1 
555752343 3
1 1 1 
253638472 1
6 
152063437 2
2 3 
466926190 5
2 3 2 3 2 
316744605 3
2 1 3 
220917479 3
5 2 5 
1480929389 8
2 1 2 3 1 2 3 1 
1192980266 6
10 6 8 3 1 10 
228200957 1
2 
191641558 2
5 5 
730554180 10
1 1 3 1 3 1 2 3 1 2 
384154599 3
3 3 2 
1117205814 6
3 3 4 5 3 4 
1296179605 10
1 1 2 1 2 3 1 2 3 1 
641865009 7
3 2 3 2 3 5 2 
474861737 6
4 5 3 4 5 3 
245969090 1
1 
282891126 8
1 1 2 3 1 2 3 2 
620072365 5
5 1 4 5 1 
378780786 4
1 1 1 2 
732128322 7
2 2 2 1 2 1 1 
292370301 4
5 5 7 2 
784420255 7
2 6 1 7 8 9 4 
709291384 3
1 2 1 
111686926 5
1 1 1 1 1 
920104557 8
6 1 5 6 1 5 6 1 
712085577 5
3 4 3 4 3 
890100362 9
9 8 9 4 8 1 4 3 1 
806404778 4
1 6 2 1 
629953500 7
5 5 1 6 4 3 1 
670194779 3
8 8 1 
1389959281 9
5 5 2 5 2 6 5 2 4 
1113907312 6
7 7 6 9 7 6 
743148820 4
7 4 7 4 
28808680 1
2 
122284395 1
1 
180124402 5
3 2 3 2 3 
619109385 6
1 1 1 1 1 1 
422691393 4
3 3 4 3 
226393432 3
1 3 2 
497825992 3
1 1 1 
150296246 1
1 
634010900 2
1 4 
809897310 8
3 3 3 3 4 4 2 4 
798467643 6
10 4 10 8 3 4 
434191649 3
3 8 6 
56570215 9
2 3 2 3 2 3 2 3 2 
248924086 1
7 
276908358 8
2 2 2 2 1 1 1 1 
70789559 4
1 1 1 1 
93608207 1
1 
947438594 5
8 7 5 8 7 
543521779 4
3 9 3 8 
346880928 9
5 4 3 2 5 4 3 2 1 
298067857 1
5 
758030927 9
9 7 9 7 4 4 1 1 3 
1020314922 7
2 4 2 3 4 2 3 
535488474 10
3 9 3 9 3 9 1 3 9 8 
768398604 6
1 1 6 4 1 6 
644111144 4
4 2 1 6 
212348522 9
1 1 1 1 1 1 1 1 1 
142373810 3
1 3 2 
548846870 6
5 7 2 4 3 1 
979670437 8
10 10 7 9 10 7 6 9 
883540569 9
3 3 1 3 1 1 2 2 2 
820510329 5
7 7 7 5 7 
330298869 3
7 8 2 
82773565 6
2 3 1 2 3 1 
906822296 8
4 3 5 4 3 5 4 1 
960403675 6
4 4 7 9 5 6 
178641694 1
1 
470639383 4
9 7 9 7 
382355764 4
1 4 1 4 
10878497 1
1 
731255264 8
2 3 8 4 5 6 1 7 
358405928 2
7 9 
682422146 8
1 1 1 1 1 1 1 1 
876479171 4
6 6 3 6 
486045698 4
2 3 2 3 
256609052 1
2 
659632500 6
1 1 1 1 1 1 
229468664 1
3 
139485533 2
2 1 
1524603334 9
8 1 8 1 8 6 1 9 7 
183133691 8
2 2 2 2 1 1 1 1 
95566358 1
4 
608250585 7
7 6 4 2 1 3 5 
1210095462 9
3 2 3 2 1 3 2 1 3 
922687139 10
4 4 4 6 8 5 3 4 1 6 
873953207 5
10 8 10 8 7 
47435972 8
1 1 1 1 1 1 1 1 
1271579533 8
6 7 9 6 7 9 2 6 
51538792 7
1 1 1 1 1 1 1 
462540387 3
3 3 1 
512902729 2
4 5 
168165433 4
1 1 1 1 
561742824 3
2 4 2 
135625574 5
2 2 2 2 1 
423595122 3
1 3 2 
335791810 5
3 6 3 6 3 
168873117 1
6 
392731600 8
1 1 2 1 2 1 2 1 
92164984 7
1 1 1 1 1 1 1 
423875162 2
1 1 
782776391 4
7 7 7 5 
142277500 2
6 6 
1394268285 7
6 7 6 4 7 6 4 
1332473705 10
4 8 1 3 4 8 1 5 3 4 
210273355 1
6 
328303638 2
1 7 
1033170116 7
1 8 6 1 8 6 1 
879887264 5
7 5 4 7 5 
333789645 9
3 3 3 4 4 4 2 2 2 
1097736825 10
4 3 4 1 3 4 1 3 4 1 
1217236693 6
4 7 4 7 3 8 
428052515 3
1 1 1 
341291892 7
1 1 2 1 2 1 2 
435617666 8
3 3 7 3 7 3 5 6 
377176594 7
6 8 6 8 10 6 8 
706462066 6
2 2 2 1 1 1 
374133088 4
7 7 4 4 
413884012 10
1 1 1 1 4 1 5 4 1 5 
271949562 3
1 1 1 
249210941 8
2 2 2 2 2 2 2 1 
354553542 6
1 1 1 1 2 2 
322790239 1
4 
700579851 6
3 3 6 2 3 6 
382414644 9
1 1 1 1 2 1 2 1 2 
264160014 1
3 
1089734351 6
1 6 5 8 4 7 
570346762 6
2 1 4 6 5 3 
841173472 4
5 5 6 5 
642412735 3
3 1 3 
96471477 7
3 2 3 2 3 2 3 
156783410 3
2 3 1 
69134791 2
2 2 
884832101 10
2 6 4 2 6 4 5 3 5 3 
207926750 2
7 3 
682001238 7
7 7 7 9 8 7 6 
1782370408 10
7 4 7 2 4 7 2 3 8 4 
1176541241 7
4 2 7 4 2 7 6 
716200236 5
1 7 9 8 3 
565604575 8
3 4 3 4 3 1 4 3 
147631867 2
3 3 
324600753 6
1 1 1 3 1 2 
578943978 3
1 1 6 
402498037 2
2 2 
1119154634 8
1 4 1 4 3 1 4 3 
949426972 6
6 1 6 1 6 5 
1024302093 10
5 5 5 5 4 5 4 5 3 4 
858627879 4
4 4 5 4 
610758725 4
4 4 5 2 
341415645 3
4 4 4 
133493631 7
1 1 1 1 1 1 1 
16374042 2
1 1 
1031743432 6
10 3 9 8 10 3 
383658033 4
7 3 2 7 
672282584 4
4 3 4 3 
39190285 2
1 1 
765746921 8
2 7 3 1 4 5 8 6 
235964706 6
3 4 3 4 3 4 
329965345 2
5 3 
459167154 2
3 6 
7790640 2
1 1 
451654130 3
2 2 2 
119191334 2
1 1 
939275474 4
9 2 9 6 
872582906 9
1 4 1 4 1 4 2 1 4 
27979427 7
2 2 2 1 2 1 2 
213212679 1
8 
1512849117 9
6 4 1 6 4 7 1 6 4 
1879570768 10
2 4 2 3 4 5 2 1 3 4 
1175445835 6
2 7 6 2 5 7 
905940213 9
2 3 2 3 2 3 2 3 2 
1292002038 8
1 8 4 1 8 5 4 1 
739314608 6
1 1 1 1 1 1 
373502795 7
3 6 5 7 4 2 1 
524887524 2
1 1 
662870970 6
1 2 1 6 2 3 
342994125 2
1 1 
687985641 5
3 3 1 7 5 
206059056 1
6 
442211707 2
5 5 
169353597 8
2 2 2 2 1 1 1 1 
872681874 8
1 1 2 4 2 4 6 3 
628418593 8
5 5 5 3 5 3 5 3 
674328475 3
5 6 1 
152576728 3
1 1 1 
1150703190 9
8 8 6 8 6 5 8 9 6 
605401327 8
8 5 9 3 8 10 5 4 
613787795 5
2 2 3 2 3 
246605880 4
2 1 2 1 
509540764 3
1 1 1 
553928907 4
3 5 3 5 
524330929 6
4 4 5 1 4 5 
218961240 4
2 1 2 1 
431258074 7
2 2 2 3 2 3 2 
56666732 4
1 3 4 2 
345350560 2
1 1 
511031266 8
2 2 1 4 1 4 3 3 
904804268 10
2 2 4 1 3 2 4 1 3 2 
13706225 2
1 1 
725948013 4
5 7 5 7 
695574686 7
2 2 2 2 2 1 2 
509970983 5
2 1 3 4 6 
121234932 1
5 
1319387897 6
3 1 2 3 1 2 
1472806442 10
2 9 2 1 9 2 1 9 3 4 
647761458 3
2 2 2 
425618369 3
1 1 1 
568424159 3
1 3 4 
947586717 8
7 2 4 7 2 4 3 5 
180836175 1
3 
1498892482 9
3 3 2 6 3 2 6 4 3 
33021437 5
1 1 1 1 1 
285852774 4
2 1 4 3 
743621904 3
5 1 3 
720443772 6
5 5 6 5 6 5 
324596591 4
1 1 2 2 
990374666 6
5 5 3 5 4 9 
531777857 10
4 4 4 3 3 5 3 6 5 6 
971710507 6
7 4 7 4 1 7 
442249971 3
4 2 4 
105848504 3
1 1 1 
1054864494 9
9 3 9 1 3 9 2 1 7 
185659770 1
2 
1458974331 10
6 2 6 2 3 6 5 2 3 4 
576340815 4
3 1 5 4 
1053920118 10
3 2 3 5 2 3 5 7 2 3 
16921875 2
2 2 
195989803 4
1 3 1 3 
948783325 8
10 10 10 6 6 1 6 1 
419908294 4
2 3 4 1 
664333857 9
5 2 5 2 3 5 2 3 5 
157692156 10
1 2 1 2 4 1 3 2 4 3 
656476370 5
5 4 3 1 2 
506135794 8
5 1 5 1 2 5 1 2 
1506627567 7
1 3 5 1 3 5 4 
293056939 1
2 
178851377 1
1 
493462252 4
1 1 2 2 
266045164 4
1 1 1 1 
1496460311 9
4 2 4 2 4 2 5 3 4 
659000564 3
7 7 5 
793452837 7
3 5 3 8 5 3 6 
558324390 6
5 5 2 8 5 7 
182794668 1
3 
455548714 2
1 5 
781080716 8
6 2 6 2 8 6 2 1 
453945917 2
1 1 
986810328 6
9 5 3 4 7 9 
665244962 9
7 7 9 8 5 7 2 9 8 
449969091 4
1 1 1 1 
120661013 2
2 3 
163563012 2
1 1 
704726104 8
8 5 6 8 5 6 8 5 
553526086 4
1 1 2 2 
257793098 2
2 2 
20247013 2
2 1 
309805560 2
1 5 
439354634 2
3 3 
536055481 4
5 5 5 2 
725614518 3
9 6 9 
458837106 3
2 5 2 
626731047 9
3 3 3 3 2 3 1 5 2 
30710277 5
1 1 1 1 1 
715700891 4
4 4 1 4 
439956380 5
5 5 8 3 8 
238515812 4
1 1 1 1 
154309596 1
4 
984098415 6
1 1 3 1 6 3 
121913756 1
2 
421407741 4
5 2 9 4 
1247499442 8
7 1 6 3 4 8 2 5 
561866248 9
1 5 3 1 5 2 3 1 5 
253286620 1
1 
924364829 6
2 2 4 2 4 2 
110345908 7
1 1 1 2 1 2 1 
680265728 6
1 2 1 5 2 1 
544869420 2
1 7 
826605643 10
3 3 3 4 3 2 4 3 2 4 
643338689 8
1 1 4 1 4 1 4 3 
854372126 9
2 2 2 6 4 2 3 6 4 
946123205 10
6 6 1 5 6 7 1 5 6 4 
432438175 2
6 8 
137007104 1
6 
676951032 3
4 4 4 
711749826 6
1 1 1 1 1 1 
876651919 5
5 4 5 4 2 
135384719 2
1 1 
275455538 2
1 2 
584321870 3
1 5 1 
888544798 8
3 1 4 10 9 6 8 5 
499621037 4
1 1 5 3 
297372081 2
1 3 
969388093 7
6 6 4 6 4 6 4 
1388184876 10
4 4 1 5 4 1 5 6 4 1 
526298401 4
9 4 5 3 
459990380 2
1 5 
509134675 3
7 1 7 
327282705 2
1 6 
399778747 2
5 5 
864646283 5
1 2 1 3 2 
598947991 3
6 10 6 
201323195 2
2 2 
357986262 2
2 2 
100283953 1
2 
579248825 3
1 1 1 
201702800 1
3 
242617420 1
1 
939611941 5
3 3 4 2 1 
266951981 6
3 3 2 3 2 3 
158074003 9
1 1 1 1 1 1 1 1 1 
17904675 6
2 1 2 1 2 1 
973936857 8
1 2 1 2 4 1 2 4 
175273025 4
2 2 1 2 
1046015872 8
1 1 1 2 1 2 1 2 
718679341 7
4 1 4 1 3 4 1 
263572504 2
1 9 
1090452492 9
2 1 2 1 2 3 1 2 3 
1120298500 6
7 6 3 7 6 3 
532337773 10
2 2 2 3 2 3 2 3 2 3 
204732520 2
1 3 
171442330 2
2 5 
856556064 6
1 5 3 8 6 7 
675358194 3
1 4 1 
220061603 4
4 4 3 4 
175342728 3
1 2 3 
472637669 9
5 5 5 2 5 2 3 5 4 
672518765 4
7 7 2 7 
296403647 1
1 
465933977 3
3 3 2 
43467632 1
2 
482962993 9
2 2 2 2 1 2 1 2 1 
446667192 9
3 3 3 2 3 1 2 3 1 
233544276 3
1 3 2 
276961952 9
1 3 1 2 3 1 2 3 2 
596801770 6
2 2 5 2 5 2 
476550755 3
2 2 2 
1760823644 9
3 6 2 3 6 2 5 3 6 
187233045 6
2 2 1 1 3 3 
1443603162 10
3 7 5 2 3 7 5 2 3 7 
111672326 4
1 1 1 1 
93226363 2
1 1 
504895202 5
1 1 3 1 3 
341511956 3
4 4 4 
395220148 10
4 4 3 4 3 1 3 5 2 1 
653054712 5
4 5 1 3 2 
727591417 5
1 1 1 2 1 
1020324035 6
5 5 5 2 7 8 
340401336 3
1 2 3 
442159100 4
2 2 1 1 
1081574544 9
5 6 3 5 2 6 3 10 7 
207148270 3
3 3 3 
786175405 4
3 1 3 2 
988364388 4
2 1 4 6 
157966363 1
1 
269820387 3
2 2 1 
43497 7
1 1 1 1 1 1 1 
602128795 7
1 3 6 4 2 7 5 
924589408 9
4 4 1 4 3 1 6 4 2 
826275182 6
3 6 3 6 3 6 
253837216 3
3 4 3 
239780049 1
3 
746643692 4
3 3 1 2 
816776900 9
6 6 6 6 7 6 7 4 6 
639175294 3
7 1 8 
515394424 10
6 6 6 3 6 8 3 4 6 1 
306629904 3
3 3 4 
85549889 2
1 2 
435930914 2
2 5 
65068052 1
2 
1016298471 8
2 5 4 2 5 4 1 2 
505351091 2
9 1 
89934890 2
1 1 
1056073467 10
4 4 2 4 2 4 2 3 2 3 
47486091 4
1 1 1 1 
277093906 1
4 
694276819 3
4 3 4 
227210454 1
2 
1399051656 8
7 6 7 4 6 5 4 5 
247103024 1
4 
191058130 4
1 1 1 1 
127344867 2
1 1 
755117470 7
4 2 4 2 3 5 3 
312440401 2
2 3 
1389690378 8
3 3 7 1 3 7 9 1 
8736070 2
1 1 
456863010 2
6 5 
289463418 8
2 2 2 2 2 1 2 1 
986527016 10
2 5 2 5 2 1 5 2 1 4 
316994557 1
1 
545081619 6
2 3 8 1 9 4 
934658699 10
9 8 2 5 9 8 2 5 9 8 
319841764 1
6 
391154774 2
6 6 
536180799 4
7 8 7 5 
499676973 7
1 1 2 1 2 1 2 
285052000 7
1 1 1 1 1 1 1 
472871578 8
4 4 2 3 2 3 1 5 
19368657 3
1 1 1 
980700282 6
2 3 2 3 2 3 
413784182 2
2 4 
837756408 4
5 8 5 10 
298533367 3
2 2 2 
989378038 8
2 2 2 3 2 3 3 4 
48986318 2
1 1 
1034638228 8
5 6 8 5 6 8 5 6 
1462625266 9
7 4 7 3 4 7 3 2 4 
1037472180 10
8 8 2 5 4 2 6 5 4 3 
729535498 6
4 8 6 4 8 1 
608777429 7
9 10 9 10 9 5 3 
804317476 4
1 1 2 2 
261784890 2
4 4 
767515293 8
4 3 4 3 4 3 4 3 
743104654 5
2 3 2 1 3 
419692659 9
2 1 4 2 1 4 3 2 1 
539949061 3
5 3 2 
1044150454 9
9 3 6 1 2 4 7 8 5 
179541150 2
2 1 
632966669 4
6 3 4 6 
1065822202 5
3 1 3 1 8 
956053583 9
6 2 6 2 6 3 2 6 3 
1185901217 10
1 8 1 8 1 3 8 5 1 3 
141554060 1
4 
889008238 6
2 3 2 3 2 1 
835847900 4
6 5 4 6 
134749612 1
2 
708942970 6
2 7 2 7 6 6 
399824523 2
2 2 
682145785 4
7 2 7 6 
16053341 1
1 
342701567 2
2 2 
183424167 8
3 2 3 2 3 2 1 1 
675412228 6
1 2 1 2 3 1 
527605109 6
2 2 2 2 2 2 
1087551507 10
2 3 2 4 3 2 4 3 2 4 
644671900 6
2 2 3 2 3 2 
347132560 6
1 1 1 1 1 1 
201847513 2
2 1 
775049803 4
5 5 8 2 
1034229951 6
2 1 2 1 2 1 
332837445 2
5 5 
116353984 1
1 
425608805 2
4 5 
670610893 6
2 6 2 6 1 2 
941714390 9
6 5 6 4 5 3 6 4 5 
693959114 8
1 1 1 1 1 2 1 2 
739928262 3
1 4 1 
311606160 10
2 1 2 1 3 2 1 3 2 1 
534190625 4
7 3 7 3 
1237768887 10
2 6 5 2 6 5 2 1 6 5 
694864343 6
6 6 6 4 9 6 
661313317 6
1 3 1 3 1 3 
497562591 3
2 1 2 
183285424 1
1 
529059382 3
4 6 4 
994312920 8
4 4 2 4 2 4 1 2 
204627770 2
2 2 
306670462 10
3 1 3 1 3 1 3 1 3 1 
1214175698 10
8 3 4 8 2 3 4 8 7 2 
819752409 7
1 1 1 2 1 2 2 
763850445 6
1 6 1 2 6 1 
98698517 1
2 
311040651 3
3 3 3 
670187156 5
5 5 3 5 6 
803747542 8
3 3 8 3 2 7 8 3 
769498614 5
5 3 5 3 5 
843323560 8
1 1 2 1 2 1 2 2 
511172745 8
3 6 3 7 1 6 3 7 
454212438 2
1 2 
420733969 4
5 5 2 5 
932120229 6
2 1 2 1 3 3 
654616517 6
5 5 3 2 5 3 
575237802 8
2 6 7 5 3 4 1 8 
643492250 4
2 2 3 3 
892477557 9
5 3 5 3 4 5 6 3 9 
1052977941 5
8 7 6 8 7 
167145300 4
1 2 1 2 
238841932 1
1 
526693000 5
9 8 9 5 8 
553340289 4
3 3 2 3 
580013414 4
1 1 1 1 
474221809 3
3 3 6 
964885189 8
3 7 3 7 3 8 7 3 
395292551 5
1 4 3 5 2 
543503147 2
2 2 
734176380 5
3 5 2 4 1 
492399553 9
3 1 3 1 3 1 3 1 3 
515834792 2
3 3 
1049814916 7
6 5 6 7 5 8 6 
1310773317 9
1 8 1 8 1 6 8 1 6 
261374001 9
2 2 2 1 2 1 2 1 2 
321586095 3
3 1 2 
943457461 9
2 3 10 8 4 6 9 5 1 
1227760702 10
1 4 2 1 4 2 1 5 4 2 
640846901 3
4 7 2 
937966537 8
5 5 5 5 5 2 1 5 
271464768 1
2 
477260293 9
2 2 5 1 5 1 3 4 3 
279054894 3
9 9 7 
75301202 5
2 2 2 1 2 
1098197380 10
6 6 6 5 3 6 5 3 5 4 
530815930 2
4 4 
928199632 5
1 2 1 2 3 
411570828 3
1 2 3 
310360371 1
1 
1155992273 8
1 5 1 5 1 3 7 2 
123744765 2
3 4 
876374153 7
1 4 1 4 6 5 6 
145925405 2
1 1 
290792508 2
2 1 
818166588 8
5 1 5 1 5 2 1 5 
459650652 2
5 1 
753753425 9
2 2 10 8 10 8 3 3 4 
86802218 3
1 1 1 
194362480 1
4 
542042169 3
1 1 1 
531269724 4
3 3 3 4 
75409107 6
1 1 1 2 1 2 
478101813 2
3 1 
530854577 10
3 2 3 2 3 2 3 2 3 2 
263722274 2
3 3 
121176241 1
1 
713616918 8
3 3 2 3 2 3 2 3 
131633235 1
4 
1180852296 10
2 3 2 3 2 3 2 3 1 2 
214949320 1
5 
886047451 5
1 2 1 2 1 
681955464 4
2 5 2 4 
1228404745 7
6 2 6 2 6 2 5 
505041920 3
3 6 1 
864177688 7
2 2 4 2 3 9 4 
287503924 1
1 
329732150 2
6 5 
1110469027 8
1 1 6 1 6 1 2 6 
447371049 8
2 1 2 1 2 1 2 1 
1369977372 9
7 7 2 1 7 5 2 6 1 
697363786 7
2 3 2 3 2 4 3 
24951310 2
1 1 
782655833 8
3 8 3 6 8 3 6 1 
572740685 5
7 6 3 8 5 
228779964 8
1 1 1 1 1 3 1 2 
777924615 3
6 3 6 
519790937 4
6 3 8 2 
789564895 4
1 7 8 3 
373516734 4
2 2 2 6 
734019367 7
4 4 2 4 2 4 2 
308475963 1
5 
55200675 5
1 1 1 1 1 
619885819 4
4 4 3 4 
191108005 1
3 
3225940 2
1 1 
684789436 4
4 6 4 1 
272465235 2
1 10 
471580054 5
1 1 2 1 3 
542078752 4
1 1 1 1 
1344148927 9
4 4 7 2 4 7 2 1 4 
202509112 1
4 
764443114 5
3 1 3 1 5 
630194168 2
2 5 
25656900 3
2 2 1 
767517173 4
1 1 3 3 
295196091 2
1 2 
1749270096 10
5 8 5 4 6 8 9 1 4 6 
218026900 8
1 1 1 1 1 1 1 1 
642320057 5
1 1 3 1 3 
569272763 7
2 1 2 1 2 1 2 
754856109 4
9 8 6 7 
512584750 2
4 1 
776003084 7
8 8 10 8 4 7 10 
792019944 6
2 2 1 7 2 6 
286005340 2
1 1 
258955722 1
6 
394087120 2
5 5 
967261604 5
2 2 4 6 2 
360685969 8
2 1 2 1 2 1 2 1 
369201608 2
1 1 
583179719 4
1 1 4 6 
54583997 1
1 
122175473 1
5 
1091058801 9
8 8 8 1 4 2 8 5 1 
1028006301 10
3 3 4 1 5 4 1 5 2 2 
321189361 5
1 5 3 4 2 
1038057915 10
1 9 6 4 1 9 6 3 4 1 
1470147093 10
6 4 7 6 4 7 8 2 6 5 
644156030 7
10 6 2 8 3 9 7 
842018271 4
1 7 1 7 
216935541 4
1 1 1 1 
826595898 5
10 8 10 3 8 
2441930 5
1 1 1 1 1 
626051835 7
1 3 1 2 3 1 2 
376756043 9
1 1 1 1 1 1 1 1 1 
165710195 2
2 2 
549525844 4
7 4 7 4 
292840950 2
1 1 
